m, A, |A|, b, k, ~k
[[9, [0, 1, 2, 3, 4, 5, 6, 7, 8, 9], 10, 10, 1, 1]]
m, A, |A|, b, k, ~k
[[10, [0, 1, 2, 3, 4, 5, 6, 8, 9, 10], 10, 21, 2, 1]]
m, A, |A|, b, k, ~k
[[11, [0, 1, 2, 3, 4, 5, 6, 9, 10, 11], 10, 23, 2, 1]]
m, A, |A|, b, k, ~k
[[12, [0, 1, 2, 3, 4, 5, 6, 10, 11, 12], 10, 37, 3, 1]]
m, A, |A|, b, k, ~k
[[13, [0, 1, 2, 3, 4, 5, 6, 11, 12, 13], 10, 40, 3, 1]]
m, A, |A|, b, k, ~k
[[14, [0, 1, 2, 3, 4, 5, 6, 12, 13, 14], 10, 57, 4, 1]]
m, A, |A|, b, k, ~k
[[15, [0, 1, 2, 3, 4, 5, 6, 13, 14, 15], 10, 61, 4, 1]]
m, A, |A|, b, k, ~k
[[16, [0, 1, 2, 3, 4, 5, 6, 14, 15, 16], 10, 81, 5, 1]]
m, A, |A|, b, k, ~k
[[17, [0, 1, 2, 3, 4, 5, 6, 15, 16, 17], 10, 67, 4, -1]]
m, A, |A|, b, k, ~k
[[18, [0, 1, 2, 3, 4, 5, 6, 16, 17, 18], 10, 109, 6, 1]]
m, A, |A|, b, k, ~k
[[19, [0, 1, 2, 3, 4, 5, 6, 17, 18, 19], 10, 115, 6, 1]]
m, A, |A|, b, k, ~k
[[20, [0, 1, 2, 3, 4, 5, 6, 18, 19, 20], 10, 141, 7, 1]]
m, A, |A|, b, k, ~k
[[21, [0, 1, 2, 3, 4, 5, 6, 19, 20, 21], 10, 148, 7, 1]]
m, A, |A|, b, k, ~k
[[22, [0, 1, 2, 3, 4, 5, 6, 20, 21, 22], 10, 177, 8, 1]]
m, A, |A|, b, k, ~k
[[23, [0, 1, 2, 3, 4, 5, 6, 21, 22, 23], 10, 185, 8, 1]]
m, A, |A|, b, k, ~k
[[24, [0, 1, 2, 3, 4, 5, 6, 22, 23, 24], 10, 217, 9, 1]]
m, A, |A|, b, k, ~k
[[25, [0, 1, 2, 3, 4, 5, 6, 23, 24, 25], 10, 199, 8, -1]]
m, A, |A|, b, k, ~k
[[26, [0, 1, 2, 3, 4, 5, 6, 24, 25, 26], 10, 261, 10, 1]]
m, A, |A|, b, k, ~k
[[27, [0, 1, 2, 3, 4, 5, 6, 25, 26, 27], 10, 271, 10, 1]]
m, A, |A|, b, k, ~k
[[28, [0, 1, 2, 3, 4, 5, 6, 26, 27, 28], 10, 309, 11, 1]]
m, A, |A|, b, k, ~k
[[29, [0, 1, 2, 3, 4, 5, 6, 27, 28, 29], 10, 320, 11, 1]]
m, A, |A|, b, k, ~k
[[30, [0, 1, 2, 3, 4, 5, 6, 28, 29, 30], 10, 361, 12, 1]]
m, A, |A|, b, k, ~k
[[31, [0, 1, 2, 3, 4, 5, 6, 29, 30, 31], 10, 373, 12, 1]]
m, A, |A|, b, k, ~k
[[32, [0, 1, 2, 3, 4, 5, 6, 30, 31, 32], 10, 417, 13, 1]]
m, A, |A|, b, k, ~k
[[33, [0, 1, 2, 3, 4, 5, 6, 31, 32, 33], 10, 395, 12, -1]]
m, A, |A|, b, k, ~k
[[34, [0, 1, 2, 3, 4, 5, 6, 32, 33, 34], 10, 477, 14, 1]]
m, A, |A|, b, k, ~k
[[35, [0, 1, 2, 3, 4, 5, 6, 33, 34, 35], 10, 491, 14, 1]]
m, A, |A|, b, k, ~k
[[36, [0, 1, 2, 3, 4, 5, 6, 34, 35, 36], 10, 541, 15, 1]]
m, A, |A|, b, k, ~k
[[37, [0, 1, 2, 3, 4, 5, 6, 35, 36, 37], 10, 556, 15, 1]]
m, A, |A|, b, k, ~k
[[38, [0, 1, 2, 3, 4, 5, 6, 36, 37, 38], 10, 609, 16, 1]]
m, A, |A|, b, k, ~k
[[39, [0, 1, 2, 3, 4, 5, 6, 37, 38, 39], 10, 625, 16, 1]]
m, A, |A|, b, k, ~k
[[40, [0, 1, 2, 3, 4, 5, 6, 38, 39, 40], 10, 681, 17, 1]]
m, A, |A|, b, k, ~k
[[41, [0, 1, 2, 3, 4, 5, 6, 39, 40, 41], 10, 655, 16, -1]]
m, A, |A|, b, k, ~k
[[42, [0, 1, 2, 3, 4, 5, 6, 40, 41, 42], 10, 757, 18, 1]]
m, A, |A|, b, k, ~k
[[43, [0, 1, 2, 3, 4, 5, 6, 41, 42, 43], 10, 775, 18, 1]]
m, A, |A|, b, k, ~k
[[44, [0, 1, 2, 3, 4, 5, 6, 42, 43, 44], 10, 837, 19, 1]]
m, A, |A|, b, k, ~k
[[45, [0, 1, 2, 3, 4, 5, 6, 43, 44, 45], 10, 856, 19, 1]]
m, A, |A|, b, k, ~k
[[46, [0, 1, 2, 3, 4, 5, 6, 44, 45, 46], 10, 921, 20, 1]]
m, A, |A|, b, k, ~k
[[47, [0, 1, 2, 3, 4, 5, 6, 45, 46, 47], 10, 941, 20, 1]]
m, A, |A|, b, k, ~k
[[48, [0, 1, 2, 3, 4, 5, 6, 46, 47, 48], 10, 1009, 21, 1]]
m, A, |A|, b, k, ~k
[[49, [0, 1, 2, 3, 4, 5, 6, 47, 48, 49], 10, 979, 20, -1]]
m, A, |A|, b, k, ~k
[[50, [0, 1, 2, 3, 4, 5, 6, 48, 49, 50], 10, 1101, 22, 1]]
m, A, |A|, b, k, ~k
[[51, [0, 1, 2, 3, 4, 5, 6, 49, 50, 51], 10, 1123, 22, 1]]
