m, A, |A|, b, k, ~k
[[10, [0, 1, 2, 3, 4, 5, 6, 7, 8, 9, 10], 11, 11, 1, 1]]
m, A, |A|, b, k, ~k
[[11, [0, 1, 2, 3, 4, 5, 6, 7, 9, 10, 11], 11, 23, 2, 1]]
m, A, |A|, b, k, ~k
[[12, [0, 1, 2, 3, 4, 5, 6, 7, 10, 11, 12], 11, 25, 2, 1]]
m, A, |A|, b, k, ~k
[[13, [0, 1, 2, 3, 4, 5, 6, 7, 11, 12, 13], 11, 40, 3, 1]]
m, A, |A|, b, k, ~k
[[14, [0, 1, 2, 3, 4, 5, 6, 7, 12, 13, 14], 11, 43, 3, 1]]
m, A, |A|, b, k, ~k
[[15, [0, 1, 2, 3, 4, 5, 6, 7, 13, 14, 15], 11, 61, 4, 1]]
m, A, |A|, b, k, ~k
[[16, [0, 1, 2, 3, 4, 5, 6, 7, 14, 15, 16], 11, 65, 4, 1]]
m, A, |A|, b, k, ~k
[[17, [0, 1, 2, 3, 4, 5, 6, 7, 15, 16, 17], 11, 86, 5, 1]]
m, A, |A|, b, k, ~k
[[18, [0, 1, 2, 3, 4, 5, 6, 7, 16, 17, 18], 11, 91, 5, 1]]
m, A, |A|, b, k, ~k
[[19, [0, 1, 2, 3, 4, 5, 6, 7, 17, 18, 19], 11, 95, 5, 0]]
m, A, |A|, b, k, ~k
[[20, [0, 1, 2, 3, 4, 5, 6, 7, 18, 19, 20], 11, 121, 6, 1]]
m, A, |A|, b, k, ~k
[[21, [0, 1, 2, 3, 4, 5, 6, 7, 19, 20, 21], 11, 148, 7, 1]]
m, A, |A|, b, k, ~k
[[22, [0, 1, 2, 3, 4, 5, 6, 7, 20, 21, 22], 11, 155, 7, 1]]
m, A, |A|, b, k, ~k
[[23, [0, 1, 2, 3, 4, 5, 6, 7, 21, 22, 23], 11, 185, 8, 1]]
m, A, |A|, b, k, ~k
[[24, [0, 1, 2, 3, 4, 5, 6, 7, 22, 23, 24], 11, 193, 8, 1]]
m, A, |A|, b, k, ~k
[[25, [0, 1, 2, 3, 4, 5, 6, 7, 23, 24, 25], 11, 226, 9, 1]]
m, A, |A|, b, k, ~k
[[26, [0, 1, 2, 3, 4, 5, 6, 7, 24, 25, 26], 11, 235, 9, 1]]
m, A, |A|, b, k, ~k
[[27, [0, 1, 2, 3, 4, 5, 6, 7, 25, 26, 27], 11, 271, 10, 1]]
m, A, |A|, b, k, ~k
[[28, [0, 1, 2, 3, 4, 5, 6, 7, 26, 27, 28], 11, 251, 9, -1]]
m, A, |A|, b, k, ~k
[[29, [0, 1, 2, 3, 4, 5, 6, 7, 27, 28, 29], 11, 320, 11, 1]]
m, A, |A|, b, k, ~k
[[30, [0, 1, 2, 3, 4, 5, 6, 7, 28, 29, 30], 11, 331, 11, 1]]
m, A, |A|, b, k, ~k
[[31, [0, 1, 2, 3, 4, 5, 6, 7, 29, 30, 31], 11, 373, 12, 1]]
m, A, |A|, b, k, ~k
[[32, [0, 1, 2, 3, 4, 5, 6, 7, 30, 31, 32], 11, 385, 12, 1]]
m, A, |A|, b, k, ~k
[[33, [0, 1, 2, 3, 4, 5, 6, 7, 31, 32, 33], 11, 430, 13, 1]]
m, A, |A|, b, k, ~k
[[34, [0, 1, 2, 3, 4, 5, 6, 7, 32, 33, 34], 11, 443, 13, 1]]
m, A, |A|, b, k, ~k
[[35, [0, 1, 2, 3, 4, 5, 6, 7, 33, 34, 35], 11, 491, 14, 1]]
m, A, |A|, b, k, ~k
[[36, [0, 1, 2, 3, 4, 5, 6, 7, 34, 35, 36], 11, 505, 14, 1]]
m, A, |A|, b, k, ~k
[[37, [0, 1, 2, 3, 4, 5, 6, 7, 35, 36, 37], 11, 518, 14, 0]]
m, A, |A|, b, k, ~k
[[38, [0, 1, 2, 3, 4, 5, 6, 7, 36, 37, 38], 11, 571, 15, 1]]
m, A, |A|, b, k, ~k
[[39, [0, 1, 2, 3, 4, 5, 6, 7, 37, 38, 39], 11, 625, 16, 1]]
m, A, |A|, b, k, ~k
[[40, [0, 1, 2, 3, 4, 5, 6, 7, 38, 39, 40], 11, 641, 16, 1]]
m, A, |A|, b, k, ~k
[[41, [0, 1, 2, 3, 4, 5, 6, 7, 39, 40, 41], 11, 698, 17, 1]]
m, A, |A|, b, k, ~k
[[42, [0, 1, 2, 3, 4, 5, 6, 7, 40, 41, 42], 11, 715, 17, 1]]
m, A, |A|, b, k, ~k
[[43, [0, 1, 2, 3, 4, 5, 6, 7, 41, 42, 43], 11, 775, 18, 1]]
m, A, |A|, b, k, ~k
[[44, [0, 1, 2, 3, 4, 5, 6, 7, 42, 43, 44], 11, 793, 18, 1]]
m, A, |A|, b, k, ~k
[[45, [0, 1, 2, 3, 4, 5, 6, 7, 43, 44, 45], 11, 856, 19, 1]]
m, A, |A|, b, k, ~k
[[46, [0, 1, 2, 3, 4, 5, 6, 7, 44, 45, 46], 11, 827, 18, -1]]
m, A, |A|, b, k, ~k
[[47, [0, 1, 2, 3, 4, 5, 6, 7, 45, 46, 47], 11, 941, 20, 1]]
m, A, |A|, b, k, ~k
[[48, [0, 1, 2, 3, 4, 5, 6, 7, 46, 47, 48], 11, 961, 20, 1]]
m, A, |A|, b, k, ~k
[[49, [0, 1, 2, 3, 4, 5, 6, 7, 47, 48, 49], 11, 1030, 21, 1]]
m, A, |A|, b, k, ~k
[[50, [0, 1, 2, 3, 4, 5, 6, 7, 48, 49, 50], 11, 1051, 21, 1]]
m, A, |A|, b, k, ~k
[[51, [0, 1, 2, 3, 4, 5, 6, 7, 49, 50, 51], 11, 1123, 22, 1]]
