0
[(0, 0), (-1, 1), (0, 1), (-1, 0), (1, -1)]
p(x) = (2.0) 2.0x^2 + 2.0x + 1.0  for all k >= 1
[5, 13, 25, 41, 61, 85, 113, 145, 181, 221, 265, 313, 365, 421, 481, 545, 613, 685, 761, 841, 925, 1013, 1105, 1201, 1301, 1405, 1513, 1625, 1741, 1861, 1985]
(4, [[0, 4], [2, 2]])

1
2
3
4
5
6
7
8
9
10
11
12
13
14
15
16
17
18
19
20
21
22
23
24
25
26
27
28
29
30
31
32
33
34
35
36
37
38
39
40
[(0, 0), (-2, -1), (-1, -1), (3, 2), (-3, -2)]
p(x) = (2.0) 2.0x^2 + 2.0x + 1.0  for all k >= 1
[5, 13, 25, 41, 61, 85, 113, 145, 181, 221, 265, 313, 365, 421, 481, 545, 613, 685, 761, 841, 925, 1013, 1105, 1201, 1301, 1405, 1513, 1625, 1741, 1861, 1985]
(4, [[0, 4], [2, 2]])

41
42
43
44
45
46
47
48
49
[(0, 0), (0, 1), (-1, 0), (-1, -2), (0, -4)]
p(x) = (3.5) 3.5x^2 + 1.5x + -3.0  for all k >= 3
[5, 15, 33, 59, 92, 132, 179, 233, 294, 362, 437, 519, 608, 704, 807, 917, 1034, 1158, 1289, 1427, 1572, 1724, 1883, 2049, 2222, 2402, 2589, 2783, 2984, 3192, 3407]
(8, [[0, 5, 6, 6], [3, 3, 4, 7]])

50
51
52
53
54
55
56
57
58
59
the set A=[(0, 0), (1, -1), (-1, 2), (3, 2), (4, 2)] does not compute correctly in run_exps()

60
61
62
63
64
65
66
67
68
69
70
71
72
73
74
75
76
77
78
79
80
81
82
83
84
85
86
87
88
89
90
the set A=[(0, 0), (3, 2), (-5, -3), (4, -1), (4, 0)] does not compute correctly in run_exps()

91
92
93
[(0, 0), (-1, 0), (0, -1), (1, -2), (-1, -1)]
p(x) = (2.0) 2.0x^2 + 2.0x + 1.0  for all k >= 1
[5, 13, 25, 41, 61, 85, 113, 145, 181, 221, 265, 313, 365, 421, 481, 545, 613, 685, 761, 841, 925, 1013, 1105, 1201, 1301, 1405, 1513, 1625, 1741, 1861, 1985]
(4, [[0, 4], [2, 2]])

94
95
96
97
98
99
[(0, 0), (-2, -1), (-1, -1), (0, -1), (1, -1)]
p(x) = (1.5) 1.5x^2 + 2.5x + 1.0  for all k >= 1
[5, 12, 22, 35, 51, 70, 92, 117, 145, 176, 210, 247, 287, 330, 376, 425, 477, 532, 590, 651, 715, 782, 852, 925, 1001, 1080, 1162, 1247, 1335, 1426, 1520]
(6, [[0, 3, 3], [2, 2, 2]])

100
101
102
103
104
105
106
107
the set A=[(0, 0), (1, -2), (1, -1), (-5, -5), (-3, -4)] does not compute correctly in run_exps()

108
109
110
111
112
113
114
115
116
117
118
119
120
121
122
123
[(0, 0), (1, -1), (0, -1), (0, -4), (0, -5)]
p(x) = (2.5) 2.5x^2 + 3.5x + -3.0  for all k >= 2
[5, 14, 30, 51, 77, 108, 144, 185, 231, 282, 338, 399, 465, 536, 612, 693, 779, 870, 966, 1067, 1173, 1284, 1400, 1521, 1647, 1778, 1914, 2055, 2201, 2352, 2508]
(14, [[0, 5, 5, 5, 5, 5, 5], [2, 4, 4, 4, 4, 6, 6]])

124
125
126
127
128
129
130
131
132
133
134
135
136
137
[(0, 0), (1, -1), (0, -1), (1, 0), (1, -4)]
p(x) = (2.5) 2.5x^2 + 3.5x + -3.0  for all k >= 2
[5, 14, 30, 51, 77, 108, 144, 185, 231, 282, 338, 399, 465, 536, 612, 693, 779, 870, 966, 1067, 1173, 1284, 1400, 1521, 1647, 1778, 1914, 2055, 2201, 2352, 2508]
(14, [[0, 5, 5, 5, 5, 5, 5], [2, 4, 4, 4, 4, 6, 6]])

138
139
140
141
142
143
144
145
146
147
148
149
150
the set A=[(0, 0), (2, 1), (-3, -2), (-4, 0), (-5, 0)] does not compute correctly in run_exps()

151
152
153
154
155
156
157
[(0, 0), (-1, 0), (0, -1), (-1, -2), (-1, 1)]
p(x) = (2.0) 2.0x^2 + 3.0x + 0.0  for all k >= 1
[5, 14, 27, 44, 65, 90, 119, 152, 189, 230, 275, 324, 377, 434, 495, 560, 629, 702, 779, 860, 945, 1034, 1127, 1224, 1325, 1430, 1539, 1652, 1769, 1890, 2015]
(10, [[0, 4, 4, 4, 4], [2, 3, 3, 3, 5]])

158
159
160
161
162
163
164
165
166
167
[(0, 0), (0, 1), (-1, 0), (3, 0), (1, 1)]
p(x) = (2.5) 2.5x^2 + 3.5x + -3.0  for all k >= 2
[5, 14, 30, 51, 77, 108, 144, 185, 231, 282, 338, 399, 465, 536, 612, 693, 779, 870, 966, 1067, 1173, 1284, 1400, 1521, 1647, 1778, 1914, 2055, 2201, 2352, 2508]
(14, [[0, 5, 5, 5, 5, 5, 5], [2, 4, 4, 4, 4, 6, 6]])

168
169
170
[(0, 0), (1, 1), (-2, -1), (-1, 0), (3, 4)]
p(x) = (3.0) 3.0x^2 + 4.0x + -9.0  for all k >= 3
[5, 14, 30, 55, 86, 123, 166, 215, 270, 331, 398, 471, 550, 635, 726, 823, 926, 1035, 1150, 1271, 1398, 1531, 1670, 1815, 1966, 2123, 2286, 2455, 2630, 2811, 2998]
(18, [[0, 6, 6, 6, 6, 6, 6, 6, 6], [2, 5, 5, 5, 5, 5, 7, 7, 7]])

171
172
173
174
175
176
177
178
179
180
181
182
183
184
185
186
[(0, 0), (1, 0), (-1, -1), (0, -2), (-1, -3)]
p(x) = (3.0) 3.0x^2 + 1.0x + 0.0  for all k >= 2
[5, 14, 30, 52, 80, 114, 154, 200, 252, 310, 374, 444, 520, 602, 690, 784, 884, 990, 1102, 1220, 1344, 1474, 1610, 1752, 1900, 2054, 2214, 2380, 2552, 2730, 2914]
(10, [[0, 5, 5, 5, 5], [2, 4, 4, 4, 6]])

187
[(0, 0), (-1, 0), (0, -1), (-2, -5), (0, 4)]
p(x) = (5.5) 5.5x^2 + 1.5x + -39.0  for all k >= 7
[5, 15, 34, 65, 110, 169, 241, 325, 420, 526, 643, 771, 910, 1060, 1221, 1393, 1576, 1770, 1975, 2191, 2418, 2656, 2905, 3165, 3436, 3718, 4011, 4315, 4630, 4956, 5293]
(8, [[0, 7, 8, 10], [3, 5, 6, 11]])

188
189
190
[(0, 0), (0, 1), (-1, 0), (-1, -3), (-1, -5)]
p(x) = (3.0) 3.0x^2 + 4.0x + -6.0  for all k >= 3
[5, 15, 33, 58, 89, 126, 169, 218, 273, 334, 401, 474, 553, 638, 729, 826, 929, 1038, 1153, 1274, 1401, 1534, 1673, 1818, 1969, 2126, 2289, 2458, 2633, 2814, 3001]
(10, [[0, 5, 5, 5, 6], [3, 3, 4, 4, 7]])

191
192
193
[(0, 0), (2, 1), (1, 1), (1, 0), (2, 2)]
p(x) = (1.5) 1.5x^2 + 2.5x + 1.0  for all k >= 1
[5, 12, 22, 35, 51, 70, 92, 117, 145, 176, 210, 247, 287, 330, 376, 425, 477, 532, 590, 651, 715, 782, 852, 925, 1001, 1080, 1162, 1247, 1335, 1426, 1520]
(6, [[0, 3, 3], [2, 2, 2]])

194
195
the set A=[(0, 0), (-2, 3), (-1, 2), (-4, -5), (-3, -2)] does not compute correctly in run_exps()

196
the set A=[(0, 0), (-2, -1), (-1, -1), (3, 0), (4, -2)] does not compute correctly in run_exps()

197
198
199
200
201
202
203
[(0, 0), (3, 2), (2, 1), (-1, -1), (1, 2)]
p(x) = (3.5) 3.5x^2 + 0.5x + -3.0  for all k >= 3
[5, 14, 30, 55, 87, 126, 172, 225, 285, 352, 426, 507, 595, 690, 792, 901, 1017, 1140, 1270, 1407, 1551, 1702, 1860, 2025, 2197, 2376, 2562, 2755, 2955, 3162, 3376]
(14, [[0, 6, 6, 6, 6, 6, 6], [2, 5, 5, 5, 5, 7, 7]])

204
205
206
207
the set A=[(0, 0), (-5, -3), (-3, -2), (-4, 3), (0, -1)] does not compute correctly in run_exps()

208
209
210
211
[(0, 0), (0, -1), (-1, 1), (-4, 2), (3, -3)]
p(x) = (4.5) 4.5x^2 + 1.5x + -15.0  for all k >= 5
[5, 15, 34, 64, 105, 156, 216, 285, 363, 450, 546, 651, 765, 888, 1020, 1161, 1311, 1470, 1638, 1815, 2001, 2196, 2400, 2613, 2835, 3066, 3306, 3555, 3813, 4080, 4356]
(8, [[0, 6, 7, 8], [3, 4, 5, 9]])

212
213
214
215
216
217
218
219
220
221
222
223
the set A=[(0, 0), (-5, -3), (-3, -2), (4, -3), (1, -4)] does not compute correctly in run_exps()

224
225
226
227
228
229
230
231
232
[(0, 0), (1, 0), (-1, -1), (4, -1), (3, -1)]
p(x) = (3.0) 3.0x^2 + 4.0x + -9.0  for all k >= 3
[5, 14, 30, 55, 86, 123, 166, 215, 270, 331, 398, 471, 550, 635, 726, 823, 926, 1035, 1150, 1271, 1398, 1531, 1670, 1815, 1966, 2123, 2286, 2455, 2630, 2811, 2998]
(18, [[0, 6, 6, 6, 6, 6, 6, 6, 6], [2, 5, 5, 5, 5, 5, 7, 7, 7]])

233
234
235
236
237
238
239
240
241
242
243
[(0, 0), (-1, 0), (0, -1), (-2, -4), (-1, -1)]
p(x) = (3.0) 3.0x^2 + 1.0x + 0.0  for all k >= 2
[5, 14, 30, 52, 80, 114, 154, 200, 252, 310, 374, 444, 520, 602, 690, 784, 884, 990, 1102, 1220, 1344, 1474, 1610, 1752, 1900, 2054, 2214, 2380, 2552, 2730, 2914]
(10, [[0, 5, 5, 5, 5], [2, 4, 4, 4, 6]])

244
245
246
247
248
249
250
251
252
253
254
255
256
257
258
259
260
261
262
263
264
265
266
267
268
269
270
271
272
273
274
275
276
277
278
279
280
281
282
283
284
[(0, 0), (-1, -1), (-1, 0), (-1, -3), (0, -1)]
p(x) = (2.0) 2.0x^2 + 3.0x + 0.0  for all k >= 1
[5, 14, 27, 44, 65, 90, 119, 152, 189, 230, 275, 324, 377, 434, 495, 560, 629, 702, 779, 860, 945, 1034, 1127, 1224, 1325, 1430, 1539, 1652, 1769, 1890, 2015]
(10, [[0, 4, 4, 4, 4], [2, 3, 3, 3, 5]])

285
286
287
288
289
[(0, 0), (1, 1), (1, 0), (4, 4), (0, -1)]
p(x) = (2.5) 2.5x^2 + 3.5x + -3.0  for all k >= 2
[5, 14, 30, 51, 77, 108, 144, 185, 231, 282, 338, 399, 465, 536, 612, 693, 779, 870, 966, 1067, 1173, 1284, 1400, 1521, 1647, 1778, 1914, 2055, 2201, 2352, 2508]
(14, [[0, 5, 5, 5, 5, 5, 5], [2, 4, 4, 4, 4, 6, 6]])

290
291
292
293
294
[(0, 0), (1, 1), (1, 0), (-1, -5), (-1, -4)]
p(x) = (3.5) 3.5x^2 + 0.5x + -3.0  for all k >= 3
[5, 14, 30, 55, 87, 126, 172, 225, 285, 352, 426, 507, 595, 690, 792, 901, 1017, 1140, 1270, 1407, 1551, 1702, 1860, 2025, 2197, 2376, 2562, 2755, 2955, 3162, 3376]
(14, [[0, 6, 6, 6, 6, 6, 6], [2, 5, 5, 5, 5, 7, 7]])

295
296
297
298
299
300
301
302
303
304
305
306
307
308
the set A=[(0, 0), (2, 1), (-3, -2), (2, -1), (-3, -5)] does not compute correctly in run_exps()

309
310
311
312
313
314
315
316
317
318
319
320
321
322
323
324
325
326
327
328
[(0, 0), (0, -1), (-1, 1), (-2, 0), (-2, -1)]
p(x) = (3.0) 3.0x^2 + 1.0x + 0.0  for all k >= 2
[5, 14, 30, 52, 80, 114, 154, 200, 252, 310, 374, 444, 520, 602, 690, 784, 884, 990, 1102, 1220, 1344, 1474, 1610, 1752, 1900, 2054, 2214, 2380, 2552, 2730, 2914]
(10, [[0, 5, 5, 5, 5], [2, 4, 4, 4, 6]])

329
330
331
332
333
334
335
336
337
338
339
340
341
342
343
344
345
346
347
348
349
350
351
352
353
354
355
356
357
358
359
360
361
362
[(0, 0), (0, -1), (1, 0), (-4, 1), (-5, 1)]
p(x) = (4.0) 4.0x^2 + 0.0x + -9.0  for all k >= 4
[5, 14, 30, 55, 91, 135, 187, 247, 315, 391, 475, 567, 667, 775, 891, 1015, 1147, 1287, 1435, 1591, 1755, 1927, 2107, 2295, 2491, 2695, 2907, 3127, 3355, 3591, 3835]
(18, [[0, 7, 7, 7, 7, 7, 7, 7, 7], [2, 6, 6, 6, 6, 6, 8, 8, 8]])

363
364
365
366
367
368
369
370
371
372
373
374
[(0, 0), (0, 1), (-1, 0), (-4, 0), (1, 1)]
p(x) = (2.5) 2.5x^2 + 3.5x + -3.0  for all k >= 2
[5, 14, 30, 51, 77, 108, 144, 185, 231, 282, 338, 399, 465, 536, 612, 693, 779, 870, 966, 1067, 1173, 1284, 1400, 1521, 1647, 1778, 1914, 2055, 2201, 2352, 2508]
(14, [[0, 5, 5, 5, 5, 5, 5], [2, 4, 4, 4, 4, 6, 6]])

375
376
377
378
379
380
381
382
383
the set A=[(0, 0), (8, 5), (5, 3), (1, -3), (2, -4)] does not compute correctly in run_exps()

384
385
386
387
388
the set A=[(0, 0), (-2, -1), (3, 2), (1, -2), (0, -4)] does not compute correctly in run_exps()

389
[(0, 0), (0, 1), (-1, 0), (-1, 1), (0, 4)]
p(x) = (2.5) 2.5x^2 + 3.5x + -3.0  for all k >= 2
[5, 14, 30, 51, 77, 108, 144, 185, 231, 282, 338, 399, 465, 536, 612, 693, 779, 870, 966, 1067, 1173, 1284, 1400, 1521, 1647, 1778, 1914, 2055, 2201, 2352, 2508]
(14, [[0, 5, 5, 5, 5, 5, 5], [2, 4, 4, 4, 4, 6, 6]])

390
391
392
393
394
395
396
397
398
399
400
[(0, 0), (-1, 1), (0, 1), (4, -3), (1, 0)]
p(x) = (2.5) 2.5x^2 + 3.5x + -3.0  for all k >= 2
[5, 14, 30, 51, 77, 108, 144, 185, 231, 282, 338, 399, 465, 536, 612, 693, 779, 870, 966, 1067, 1173, 1284, 1400, 1521, 1647, 1778, 1914, 2055, 2201, 2352, 2508]
(14, [[0, 5, 5, 5, 5, 5, 5], [2, 4, 4, 4, 4, 6, 6]])

401
402
403
404
405
406
407
408
409
410
411
412
413
414
415
416
417
418
419
420
421
422
423
424
425
426
427
428
[(0, 0), (0, 1), (-1, 0), (0, -1), (-2, -1)]
p(x) = (2.0) 2.0x^2 + 2.0x + 1.0  for all k >= 1
[5, 13, 25, 41, 61, 85, 113, 145, 181, 221, 265, 313, 365, 421, 481, 545, 613, 685, 761, 841, 925, 1013, 1105, 1201, 1301, 1405, 1513, 1625, 1741, 1861, 1985]
(4, [[0, 4], [2, 2]])

429
430
431
432
433
434
435
436
[(0, 0), (1, 0), (-1, -1), (4, -1), (0, -1)]
p(x) = (3.0) 3.0x^2 + 4.0x + -9.0  for all k >= 3
[5, 14, 30, 55, 86, 123, 166, 215, 270, 331, 398, 471, 550, 635, 726, 823, 926, 1035, 1150, 1271, 1398, 1531, 1670, 1815, 1966, 2123, 2286, 2455, 2630, 2811, 2998]
(18, [[0, 6, 6, 6, 6, 6, 6, 6, 6], [2, 5, 5, 5, 5, 5, 7, 7, 7]])

437
438
439
440
441
442
the set A=[(0, 0), (3, 2), (-5, -3), (-4, -3), (2, -1)] does not compute correctly in run_exps()

443
[(0, 0), (1, 0), (0, 1), (1, -1), (2, 2)]
p(x) = (3.0) 3.0x^2 + 1.0x + 0.0  for all k >= 2
[5, 14, 30, 52, 80, 114, 154, 200, 252, 310, 374, 444, 520, 602, 690, 784, 884, 990, 1102, 1220, 1344, 1474, 1610, 1752, 1900, 2054, 2214, 2380, 2552, 2730, 2914]
(10, [[0, 5, 5, 5, 5], [2, 4, 4, 4, 6]])

444
445
446
447
[(0, 0), (1, 0), (-1, -1), (3, 3), (-2, -4)]
p(x) = (4.5) 4.5x^2 + 1.5x + -15.0  for all k >= 5
[5, 15, 34, 64, 105, 156, 216, 285, 363, 450, 546, 651, 765, 888, 1020, 1161, 1311, 1470, 1638, 1815, 2001, 2196, 2400, 2613, 2835, 3066, 3306, 3555, 3813, 4080, 4356]
(8, [[0, 6, 7, 8], [3, 4, 5, 9]])

448
449
450
451
452
453
454
455
456
457
458
459
460
461
[(0, 0), (-1, 0), (1, 1), (2, 1), (-3, -1)]
p(x) = (1.5) 1.5x^2 + 2.5x + 1.0  for all k >= 1
[5, 12, 22, 35, 51, 70, 92, 117, 145, 176, 210, 247, 287, 330, 376, 425, 477, 532, 590, 651, 715, 782, 852, 925, 1001, 1080, 1162, 1247, 1335, 1426, 1520]
(6, [[0, 3, 3], [2, 2, 2]])

462
463
464
465
466
467
468
469
470
[(0, 0), (0, 1), (-1, 0), (2, 4), (1, 1)]
p(x) = (3.0) 3.0x^2 + 1.0x + 0.0  for all k >= 2
[5, 14, 30, 52, 80, 114, 154, 200, 252, 310, 374, 444, 520, 602, 690, 784, 884, 990, 1102, 1220, 1344, 1474, 1610, 1752, 1900, 2054, 2214, 2380, 2552, 2730, 2914]
(10, [[0, 5, 5, 5, 5], [2, 4, 4, 4, 6]])

471
472
473
474
475
476
477
478
479
480
481
482
[(0, 0), (0, -1), (1, 0), (1, 1), (-1, -1)]
p(x) = (1.5) 1.5x^2 + 2.5x + 1.0  for all k >= 1
[5, 12, 22, 35, 51, 70, 92, 117, 145, 176, 210, 247, 287, 330, 376, 425, 477, 532, 590, 651, 715, 782, 852, 925, 1001, 1080, 1162, 1247, 1335, 1426, 1520]
(6, [[0, 3, 3], [2, 2, 2]])

483
484
485
486
487
488
[(0, 0), (0, 1), (-1, 0), (-4, -3), (-3, -2)]
p(x) = (2.0) 2.0x^2 + 3.0x + 0.0  for all k >= 1
[5, 14, 27, 44, 65, 90, 119, 152, 189, 230, 275, 324, 377, 434, 495, 560, 629, 702, 779, 860, 945, 1034, 1127, 1224, 1325, 1430, 1539, 1652, 1769, 1890, 2015]
(10, [[0, 4, 4, 4, 4], [2, 3, 3, 3, 5]])

489
490
491
[(0, 0), (1, 0), (0, 1), (3, -1), (2, -1)]
p(x) = (2.0) 2.0x^2 + 2.0x + 1.0  for all k >= 1
[5, 13, 25, 41, 61, 85, 113, 145, 181, 221, 265, 313, 365, 421, 481, 545, 613, 685, 761, 841, 925, 1013, 1105, 1201, 1301, 1405, 1513, 1625, 1741, 1861, 1985]
(4, [[0, 4], [2, 2]])

492
493
494
[(0, 0), (0, 1), (-1, 0), (1, -1), (0, -1)]
p(x) = (2.0) 2.0x^2 + 2.0x + 1.0  for all k >= 1
[5, 13, 25, 41, 61, 85, 113, 145, 181, 221, 265, 313, 365, 421, 481, 545, 613, 685, 761, 841, 925, 1013, 1105, 1201, 1301, 1405, 1513, 1625, 1741, 1861, 1985]
(4, [[0, 4], [2, 2]])

495
496
497
498
499
500
501
the set A=[(0, 0), (-5, 8), (-3, 5), (-1, 0), (-2, -1)] does not compute correctly in run_exps()

502
503
504
505
506
507
508
509
[(0, 0), (1, 0), (-1, -1), (-1, -2), (-2, 0)]
p(x) = (3.0) 3.0x^2 + 2.0x + -1.0  for all k >= 2
[5, 15, 32, 55, 84, 119, 160, 207, 260, 319, 384, 455, 532, 615, 704, 799, 900, 1007, 1120, 1239, 1364, 1495, 1632, 1775, 1924, 2079, 2240, 2407, 2580, 2759, 2944]
(8, [[0, 5, 5, 5], [3, 3, 3, 6]])

510
511
512
513
514
515
516
517
518
519
520
521
522
523
524
525
526
527
528
529
530
531
532
533
534
535
536
537
538
539
540
541
542
543
544
545
[(0, 0), (-1, -1), (-1, 0), (-5, -3), (0, 1)]
p(x) = (3.5) 3.5x^2 + 0.5x + -3.0  for all k >= 3
[5, 14, 30, 55, 87, 126, 172, 225, 285, 352, 426, 507, 595, 690, 792, 901, 1017, 1140, 1270, 1407, 1551, 1702, 1860, 2025, 2197, 2376, 2562, 2755, 2955, 3162, 3376]
(14, [[0, 6, 6, 6, 6, 6, 6], [2, 5, 5, 5, 5, 7, 7]])

546
547
548
549
[(0, 0), (1, 0), (-1, -1), (-3, 0), (2, -2)]
p(x) = (4.5) 4.5x^2 + 1.5x + -15.0  for all k >= 5
[5, 15, 34, 64, 105, 156, 216, 285, 363, 450, 546, 651, 765, 888, 1020, 1161, 1311, 1470, 1638, 1815, 2001, 2196, 2400, 2613, 2835, 3066, 3306, 3555, 3813, 4080, 4356]
(8, [[0, 6, 7, 8], [3, 4, 5, 9]])

550
551
552
553
554
555
556
557
558
[(0, 0), (1, 0), (-1, -1), (-1, -2), (4, 4)]
p(x) = (3.5) 3.5x^2 + 1.5x + -3.0  for all k >= 3
[5, 15, 33, 59, 92, 132, 179, 233, 294, 362, 437, 519, 608, 704, 807, 917, 1034, 1158, 1289, 1427, 1572, 1724, 1883, 2049, 2222, 2402, 2589, 2783, 2984, 3192, 3407]
(8, [[0, 5, 6, 6], [3, 3, 4, 7]])

559
560
561
562
563
564
565
[(0, 0), (1, 1), (1, 0), (2, 1), (-5, 2)]
p(x) = (5.0) 5.0x^2 + -1.0x + -34.0  for all k >= 6
[5, 14, 30, 55, 91, 140, 204, 278, 362, 456, 560, 674, 798, 932, 1076, 1230, 1394, 1568, 1752, 1946, 2150, 2364, 2588, 2822, 3066, 3320, 3584, 3858, 4142, 4436, 4740]
(26, [[0, 9, 9, 9, 9, 9, 9, 9, 9, 9, 9, 9, 9], [2, 8, 8, 8, 8, 8, 8, 8, 10, 10, 10, 10, 10]])

566
567
568
569
570
571
572
573
574
575
576
577
578
579
580
581
[(0, 0), (-1, -1), (-1, 0), (0, -5), (0, -2)]
p(x) = (3.0) 3.0x^2 + 4.0x + -6.0  for all k >= 3
[5, 15, 33, 58, 89, 126, 169, 218, 273, 334, 401, 474, 553, 638, 729, 826, 929, 1038, 1153, 1274, 1401, 1534, 1673, 1818, 1969, 2126, 2289, 2458, 2633, 2814, 3001]
(10, [[0, 5, 5, 5, 6], [3, 3, 4, 4, 7]])

582
[(0, 0), (-1, 0), (0, -1), (2, -4), (1, -2)]
p(x) = (2.0) 2.0x^2 + 2.0x + 1.0  for all k >= 1
[5, 13, 25, 41, 61, 85, 113, 145, 181, 221, 265, 313, 365, 421, 481, 545, 613, 685, 761, 841, 925, 1013, 1105, 1201, 1301, 1405, 1513, 1625, 1741, 1861, 1985]
(4, [[0, 4], [2, 2]])

583
584
585
586
587
588
[(0, 0), (2, 1), (1, 1), (-3, 2), (-4, 2)]
p(x) = (4.5) 4.5x^2 + -0.5x + -19.0  for all k >= 5
[5, 14, 30, 55, 91, 140, 198, 265, 341, 426, 520, 623, 735, 856, 986, 1125, 1273, 1430, 1596, 1771, 1955, 2148, 2350, 2561, 2781, 3010, 3248, 3495, 3751, 4016, 4290]
(22, [[0, 8, 8, 8, 8, 8, 8, 8, 8, 8, 8], [2, 7, 7, 7, 7, 7, 7, 9, 9, 9, 9]])

589
590
591
592
593
594
595
[(0, 0), (-1, -1), (2, 1), (4, 3), (-2, -2)]
p(x) = (2.0) 2.0x^2 + 2.0x + 1.0  for all k >= 1
[5, 13, 25, 41, 61, 85, 113, 145, 181, 221, 265, 313, 365, 421, 481, 545, 613, 685, 761, 841, 925, 1013, 1105, 1201, 1301, 1405, 1513, 1625, 1741, 1861, 1985]
(4, [[0, 4], [2, 2]])

596
597
598
599
600
601
602
603
604
605
[(0, 0), (1, 1), (1, 0), (3, 3), (4, 4)]
p(x) = (2.0) 2.0x^2 + 3.0x + 0.0  for all k >= 1
[5, 14, 27, 44, 65, 90, 119, 152, 189, 230, 275, 324, 377, 434, 495, 560, 629, 702, 779, 860, 945, 1034, 1127, 1224, 1325, 1430, 1539, 1652, 1769, 1890, 2015]
(10, [[0, 4, 4, 4, 4], [2, 3, 3, 3, 5]])

606
607
608
609
610
611
612
613
614
615
616
617
618
619
620
621
622
623
624
625
626
627
628
629
630
631
632
the set A=[(0, 0), (2, 1), (-3, -2), (4, -2), (-3, -1)] does not compute correctly in run_exps()

633
634
[(0, 0), (1, 1), (1, 0), (0, 1), (-1, 1)]
p(x) = (1.5) 1.5x^2 + 2.5x + 1.0  for all k >= 1
[5, 12, 22, 35, 51, 70, 92, 117, 145, 176, 210, 247, 287, 330, 376, 425, 477, 532, 590, 651, 715, 782, 852, 925, 1001, 1080, 1162, 1247, 1335, 1426, 1520]
(6, [[0, 3, 3], [2, 2, 2]])

635
[(0, 0), (-1, 1), (0, 1), (-2, 4), (0, -3)]
p(x) = (4.0) 4.0x^2 + 2.0x + -9.0  for all k >= 4
[5, 15, 34, 63, 101, 147, 201, 263, 333, 411, 497, 591, 693, 803, 921, 1047, 1181, 1323, 1473, 1631, 1797, 1971, 2153, 2343, 2541, 2747, 2961, 3183, 3413, 3651, 3897]
(8, [[0, 6, 6, 7], [3, 4, 4, 8]])

636
[(0, 0), (-1, 1), (0, 1), (-5, 1), (4, -1)]
p(x) = (5.0) 5.0x^2 + 2.0x + -27.0  for all k >= 6
[5, 15, 34, 65, 109, 165, 232, 309, 396, 493, 600, 717, 844, 981, 1128, 1285, 1452, 1629, 1816, 2013, 2220, 2437, 2664, 2901, 3148, 3405, 3672, 3949, 4236, 4533, 4840]
(8, [[0, 7, 7, 9], [3, 5, 5, 10]])

637
638
639
640
641
642
643
the set A=[(0, 0), (2, 1), (1, 1), (-3, 2), (4, -3)] does not compute correctly in run_exps()

644
645
646
647
648
649
650
[(0, 0), (0, 1), (-1, 0), (-2, -1), (-3, -1)]
p(x) = (2.0) 2.0x^2 + 2.0x + 1.0  for all k >= 1
[5, 13, 25, 41, 61, 85, 113, 145, 181, 221, 265, 313, 365, 421, 481, 545, 613, 685, 761, 841, 925, 1013, 1105, 1201, 1301, 1405, 1513, 1625, 1741, 1861, 1985]
(4, [[0, 4], [2, 2]])

651
652
653
654
655
656
657
658
659
660
661
662
[(0, 0), (-3, -2), (-2, -1), (1, 1), (-5, -3)]
p(x) = (1.5) 1.5x^2 + 2.5x + 1.0  for all k >= 1
[5, 12, 22, 35, 51, 70, 92, 117, 145, 176, 210, 247, 287, 330, 376, 425, 477, 532, 590, 651, 715, 782, 852, 925, 1001, 1080, 1162, 1247, 1335, 1426, 1520]
(6, [[0, 3, 3], [2, 2, 2]])

663
664
665
666
667
668
669
670
671
672
673
674
675
676
677
678
679
680
681
682
the set A=[(0, 0), (-1, -1), (2, 1), (2, 2), (3, -2)] does not compute correctly in run_exps()

683
684
685
[(0, 0), (-3, -2), (-2, -1), (2, 4), (1, 3)]
p(x) = (4.5) 4.5x^2 + -0.5x + -19.0  for all k >= 5
[5, 14, 30, 55, 91, 140, 198, 265, 341, 426, 520, 623, 735, 856, 986, 1125, 1273, 1430, 1596, 1771, 1955, 2148, 2350, 2561, 2781, 3010, 3248, 3495, 3751, 4016, 4290]
(22, [[0, 8, 8, 8, 8, 8, 8, 8, 8, 8, 8], [2, 7, 7, 7, 7, 7, 7, 9, 9, 9, 9]])

686
687
[(0, 0), (1, -1), (0, -1), (0, -4), (1, 0)]
p(x) = (2.5) 2.5x^2 + 3.5x + -3.0  for all k >= 2
[5, 14, 30, 51, 77, 108, 144, 185, 231, 282, 338, 399, 465, 536, 612, 693, 779, 870, 966, 1067, 1173, 1284, 1400, 1521, 1647, 1778, 1914, 2055, 2201, 2352, 2508]
(14, [[0, 5, 5, 5, 5, 5, 5], [2, 4, 4, 4, 4, 6, 6]])

688
689
[(0, 0), (1, 1), (1, 0), (3, 1), (-3, 1)]
p(x) = (3.5) 3.5x^2 + 1.5x + -3.0  for all k >= 3
[5, 15, 33, 59, 92, 132, 179, 233, 294, 362, 437, 519, 608, 704, 807, 917, 1034, 1158, 1289, 1427, 1572, 1724, 1883, 2049, 2222, 2402, 2589, 2783, 2984, 3192, 3407]
(8, [[0, 5, 6, 6], [3, 3, 4, 7]])

690
691
692
693
694
695
696
697
698
699
700
701
702
703
704
705
706
707
708
709
710
711
712
713
714
715
716
717
718
719
720
721
722
723
724
725
726
727
728
729
730
731
732
733
the set A=[(0, 0), (1, -2), (1, -1), (-5, 1), (-4, -5)] does not compute correctly in run_exps()

734
735
[(0, 0), (-1, 0), (0, -1), (-2, -3), (-1, 1)]
p(x) = (3.5) 3.5x^2 + 0.5x + -3.0  for all k >= 3
[5, 14, 30, 55, 87, 126, 172, 225, 285, 352, 426, 507, 595, 690, 792, 901, 1017, 1140, 1270, 1407, 1551, 1702, 1860, 2025, 2197, 2376, 2562, 2755, 2955, 3162, 3376]
(14, [[0, 6, 6, 6, 6, 6, 6], [2, 5, 5, 5, 5, 7, 7]])

736
737
738
739
740
741
742
743
744
745
746
747
748
749
750
751
752
753
754
the set A=[(0, 0), (1, -1), (-1, 2), (-4, -3), (-5, -4)] does not compute correctly in run_exps()

755
756
757
the set A=[(0, 0), (3, 2), (2, 1), (-1, 1), (-3, 4)] does not compute correctly in run_exps()

758
[(0, 0), (1, 1), (1, 0), (3, 2), (2, 1)]
p(x) = (1.5) 1.5x^2 + 2.5x + 1.0  for all k >= 1
[5, 12, 22, 35, 51, 70, 92, 117, 145, 176, 210, 247, 287, 330, 376, 425, 477, 532, 590, 651, 715, 782, 852, 925, 1001, 1080, 1162, 1247, 1335, 1426, 1520]
(6, [[0, 3, 3], [2, 2, 2]])

759
760
761
762
763
764
765
766
767
768
769
770
771
772
773
[(0, 0), (2, 1), (1, 1), (3, 2), (-2, -1)]
p(x) = (1.5) 1.5x^2 + 2.5x + 1.0  for all k >= 1
[5, 12, 22, 35, 51, 70, 92, 117, 145, 176, 210, 247, 287, 330, 376, 425, 477, 532, 590, 651, 715, 782, 852, 925, 1001, 1080, 1162, 1247, 1335, 1426, 1520]
(6, [[0, 3, 3], [2, 2, 2]])

774
[(0, 0), (0, -1), (1, 0), (-3, 1), (-1, -1)]
p(x) = (3.5) 3.5x^2 + 0.5x + -3.0  for all k >= 3
[5, 14, 30, 55, 87, 126, 172, 225, 285, 352, 426, 507, 595, 690, 792, 901, 1017, 1140, 1270, 1407, 1551, 1702, 1860, 2025, 2197, 2376, 2562, 2755, 2955, 3162, 3376]
(14, [[0, 6, 6, 6, 6, 6, 6], [2, 5, 5, 5, 5, 7, 7]])

775
776
777
778
779
780
781
782
783
784
785
786
787
788
789
790
[(0, 0), (1, -2), (1, -1), (-1, 1), (0, -1)]
p(x) = (1.5) 1.5x^2 + 2.5x + 1.0  for all k >= 1
[5, 12, 22, 35, 51, 70, 92, 117, 145, 176, 210, 247, 287, 330, 376, 425, 477, 532, 590, 651, 715, 782, 852, 925, 1001, 1080, 1162, 1247, 1335, 1426, 1520]
(6, [[0, 3, 3], [2, 2, 2]])

791
792
793
794
795
796
797
798
the set A=[(0, 0), (2, 1), (-3, -2), (-5, 0), (-2, 3)] does not compute correctly in run_exps()

799
800
801
802
803
804
805
806
807
808
809
810
811
812
813
the set A=[(0, 0), (-1, 1), (1, -2), (-5, -4), (-3, -4)] does not compute correctly in run_exps()

814
815
816
817
818
819
820
821
822
823
the set A=[(0, 0), (-5, 8), (-3, 5), (-4, 1), (-4, -2)] does not compute correctly in run_exps()

824
825
826
the set A=[(0, 0), (5, 3), (-8, -5), (-4, -3), (-1, 4)] does not compute correctly in run_exps()

827
828
829
830
[(0, 0), (1, 0), (-1, -1), (1, 1), (0, -1)]
p(x) = (1.5) 1.5x^2 + 2.5x + 1.0  for all k >= 1
[5, 12, 22, 35, 51, 70, 92, 117, 145, 176, 210, 247, 287, 330, 376, 425, 477, 532, 590, 651, 715, 782, 852, 925, 1001, 1080, 1162, 1247, 1335, 1426, 1520]
(6, [[0, 3, 3], [2, 2, 2]])

831
832
833
834
835
836
837
838
839
840
841
842
843
844
[(0, 0), (1, 1), (1, 0), (1, -1), (1, -2)]
p(x) = (1.5) 1.5x^2 + 2.5x + 1.0  for all k >= 1
[5, 12, 22, 35, 51, 70, 92, 117, 145, 176, 210, 247, 287, 330, 376, 425, 477, 532, 590, 651, 715, 782, 852, 925, 1001, 1080, 1162, 1247, 1335, 1426, 1520]
(6, [[0, 3, 3], [2, 2, 2]])

845
846
the set A=[(0, 0), (8, 5), (5, 3), (3, -4), (1, 3)] does not compute correctly in run_exps()

847
848
849
[(0, 0), (0, -1), (-1, 1), (-1, 4), (-1, -1)]
p(x) = (3.0) 3.0x^2 + 4.0x + -6.0  for all k >= 3
[5, 15, 33, 58, 89, 126, 169, 218, 273, 334, 401, 474, 553, 638, 729, 826, 929, 1038, 1153, 1274, 1401, 1534, 1673, 1818, 1969, 2126, 2289, 2458, 2633, 2814, 3001]
(10, [[0, 5, 5, 5, 6], [3, 3, 4, 4, 7]])

850
851
852
853
[(0, 0), (0, 1), (1, -1), (0, 2), (0, 4)]
p(x) = (2.0) 2.0x^2 + 2.0x + 1.0  for all k >= 1
[5, 13, 25, 41, 61, 85, 113, 145, 181, 221, 265, 313, 365, 421, 481, 545, 613, 685, 761, 841, 925, 1013, 1105, 1201, 1301, 1405, 1513, 1625, 1741, 1861, 1985]
(4, [[0, 4], [2, 2]])

854
855
856
857
858
859
860
861
862
[(0, 0), (1, 0), (-1, -1), (-1, 2), (-1, 1)]
p(x) = (3.0) 3.0x^2 + 2.0x + -1.0  for all k >= 2
[5, 15, 32, 55, 84, 119, 160, 207, 260, 319, 384, 455, 532, 615, 704, 799, 900, 1007, 1120, 1239, 1364, 1495, 1632, 1775, 1924, 2079, 2240, 2407, 2580, 2759, 2944]
(8, [[0, 5, 5, 5], [3, 3, 3, 6]])

863
864
865
866
867
[(0, 0), (-1, 1), (0, 1), (-5, 1), (1, 0)]
p(x) = (3.0) 3.0x^2 + 4.0x + -9.0  for all k >= 3
[5, 14, 30, 55, 86, 123, 166, 215, 270, 331, 398, 471, 550, 635, 726, 823, 926, 1035, 1150, 1271, 1398, 1531, 1670, 1815, 1966, 2123, 2286, 2455, 2630, 2811, 2998]
(18, [[0, 6, 6, 6, 6, 6, 6, 6, 6], [2, 5, 5, 5, 5, 5, 7, 7, 7]])

868
869
870
871
872
873
874
875
876
877
878
879
880
881
882
883
884
885
886
887
888
889
890
891
892
893
894
[(0, 0), (-1, 1), (1, -2), (-2, 0), (-3, 1)]
p(x) = (4.0) 4.0x^2 + 0.0x + -9.0  for all k >= 4
[5, 14, 30, 55, 91, 135, 187, 247, 315, 391, 475, 567, 667, 775, 891, 1015, 1147, 1287, 1435, 1591, 1755, 1927, 2107, 2295, 2491, 2695, 2907, 3127, 3355, 3591, 3835]
(18, [[0, 7, 7, 7, 7, 7, 7, 7, 7], [2, 6, 6, 6, 6, 6, 8, 8, 8]])

895
896
897
898
899
900
901
902
903
904
905
906
907
908
909
910
911
912
913
914
915
916
[(0, 0), (1, 1), (1, 0), (-1, 4), (0, -1)]
p(x) = (4.0) 4.0x^2 + 0.0x + -9.0  for all k >= 4
[5, 14, 30, 55, 91, 135, 187, 247, 315, 391, 475, 567, 667, 775, 891, 1015, 1147, 1287, 1435, 1591, 1755, 1927, 2107, 2295, 2491, 2695, 2907, 3127, 3355, 3591, 3835]
(18, [[0, 7, 7, 7, 7, 7, 7, 7, 7], [2, 6, 6, 6, 6, 6, 8, 8, 8]])

917
the set A=[(0, 0), (8, 5), (5, 3), (-3, 3), (2, 4)] does not compute correctly in run_exps()

918
919
920
921
922
923
924
925
926
927
928
929
930
931
932
[(0, 0), (1, 1), (1, 0), (0, -1), (1, 2)]
p(x) = (1.5) 1.5x^2 + 2.5x + 1.0  for all k >= 1
[5, 12, 22, 35, 51, 70, 92, 117, 145, 176, 210, 247, 287, 330, 376, 425, 477, 532, 590, 651, 715, 782, 852, 925, 1001, 1080, 1162, 1247, 1335, 1426, 1520]
(6, [[0, 3, 3], [2, 2, 2]])

933
934
935
936
937
938
939
940
941
942
943
944
945
946
947
948
949
950
951
952
953
954
955
956
957
958
959
960
961
962
963
964
965
966
967
968
969
970
971
972
973
974
975
976
977
978
979
980
981
982
983
984
985
986
987
988
989
990
991
992
993
994
995
996
997
998
999
0
1
2
3
the set A=[(0, 0), (2, 1), (1, 1), (-3, -2), (1, -3), (-5, 4)] does not compute correctly in run_exps()

4
5
6
7
8
9
10
11
12
13
14
15
16
17
18
19
20
21
22
23
24
25
26
27
28
29
30
31
32
33
34
35
36
37
38
39
40
41
42
43
44
the set A=[(0, 0), (1, 1), (1, 0), (-1, 2), (0, 3), (-5, -1)] does not compute correctly in run_exps()

45
46
47
48
49
50
51
52
53
54
55
56
57
58
59
60
61
62
63
64
65
66
67
68
69
70
71
72
73
74
75
76
77
[(0, 0), (0, 1), (-1, 0), (-1, -1), (-2, -2), (3, 4)]
p(x) = (3.0) 3.0x^2 + 4.0x + -2.0  for all k >= 2
[6, 18, 37, 62, 93, 130, 173, 222, 277, 338, 405, 478, 557, 642, 733, 830, 933, 1042, 1157, 1278, 1405, 1538, 1677, 1822, 1973, 2130, 2293, 2462, 2637, 2818, 3005]
(14, [[0, 4, 4, 4, 4, 4, 7], [2, 2, 2, 3, 6, 6, 6]])

78
79
80
81
82
83
84
85
86
87
88
89
90
91
92
93
94
95
96
the set A=[(0, 0), (-2, 3), (3, -5), (4, 4), (-5, -5), (-4, -2)] does not compute correctly in run_exps()

97
98
99
the set A=[(0, 0), (0, -1), (1, 0), (0, 2), (0, -2), (3, -5)] does not compute correctly in run_exps()

100
101
102
103
104
105
106
107
108
109
110
111
112
113
114
115
116
117
118
119
120
121
122
123
124
125
126
127
128
129
130
131
132
133
134
135
136
137
138
139
the set A=[(0, 0), (5, 3), (3, 2), (-4, 1), (1, 3), (-2, 3)] does not compute correctly in run_exps()

140
141
142
143
144
145
146
147
148
149
150
151
152
153
154
155
156
157
158
159
160
161
162
163
164
165
166
167
168
169
170
171
172
173
174
175
176
177
178
179
180
181
182
183
184
185
186
187
the set A=[(0, 0), (-2, -1), (3, 2), (0, -4), (-5, 4), (3, -5)] does not compute correctly in run_exps()

188
189
190
191
192
193
194
195
196
197
198
199
200
201
202
203
204
205
the set A=[(0, 0), (5, 3), (3, 2), (2, -3), (0, 3), (4, -1)] does not compute correctly in run_exps()

206
207
208
209
210
211
212
213
214
215
216
217
218
219
220
221
222
223
the set A=[(0, 0), (1, 1), (1, 0), (-5, -1), (4, -5), (-4, -1)] does not compute correctly in run_exps()

224
225
226
227
228
229
230
231
232
233
234
235
236
237
238
239
240
241
242
243
244
245
246
247
248
249
250
251
252
253
254
255
256
257
258
259
260
261
262
263
264
265
266
267
268
269
270
271
[(0, 0), (0, 1), (-1, 0), (0, -2), (-1, 3), (-1, 4)]
p(x) = (3.5) 3.5x^2 + 3.5x + -2.0  for all k >= 2
[6, 19, 40, 68, 103, 145, 194, 250, 313, 383, 460, 544, 635, 733, 838, 950, 1069, 1195, 1328, 1468, 1615, 1769, 1930, 2098, 2273, 2455, 2644, 2840, 3043, 3253, 3470]
(20, [[0, 4, 4, 4, 4, 4, 4, 4, 4, 7], [2, 2, 3, 3, 3, 3, 5, 6, 6, 6]])

272
273
274
275
276
277
278
279
280
281
282
283
284
285
286
287
288
289
290
291
292
293
294
295
296
297
298
299
300
301
302
303
304
305
306
307
308
309
310
311
312
313
314
315
316
317
the set A=[(0, 0), (1, -2), (1, -1), (-4, -3), (-4, 4), (-5, -3)] does not compute correctly in run_exps()

318
319
320
321
322
323
324
325
326
327
328
329
330
331
332
333
334
335
336
337
338
the set A=[(0, 0), (1, -1), (-1, 2), (-1, 4), (2, 2), (-2, -5)] does not compute correctly in run_exps()

339
340
the set A=[(0, 0), (1, 1), (1, 0), (2, -4), (-5, -5), (1, -4)] does not compute correctly in run_exps()

341
the set A=[(0, 0), (-1, 0), (0, -1), (-4, -3), (1, -5), (1, -4)] does not compute correctly in run_exps()

342
343
344
the set A=[(0, 0), (0, 1), (-1, 0), (-4, 1), (-3, -1), (0, -5)] does not compute correctly in run_exps()

345
346
the set A=[(0, 0), (2, 1), (1, 1), (-4, -5), (3, 2), (1, -1)] does not compute correctly in run_exps()

347
348
349
350
351
352
353
354
355
356
357
358
359
360
the set A=[(0, 0), (-3, 5), (-2, 3), (-5, 2), (-1, 0), (3, 1)] does not compute correctly in run_exps()

361
362
363
[(0, 0), (-1, 0), (0, -1), (2, -2), (1, -1), (-2, 0)]
p(x) = (2.0) 2.0x^2 + 3.0x + 1.0  for all k >= 1
[6, 15, 28, 45, 66, 91, 120, 153, 190, 231, 276, 325, 378, 435, 496, 561, 630, 703, 780, 861, 946, 1035, 1128, 1225, 1326, 1431, 1540, 1653, 1770, 1891, 2016]
(18, [[0, 3, 3, 3, 3, 3, 3, 3, 3], [2, 2, 2, 2, 2, 2, 4, 4, 4]])

364
365
366
367
368
369
370
371
372
373
374
375
376
377
378
379
380
381
382
383
384
the set A=[(0, 0), (2, 1), (-3, -2), (3, -5), (-4, -2), (-4, 0)] does not compute correctly in run_exps()

385
386
387
388
389
390
391
392
393
394
395
396
397
398
399
400
401
402
403
404
405
406
407
408
409
410
411
412
413
414
415
416
417
418
419
420
421
422
423
424
425
426
427
428
429
the set A=[(0, 0), (1, 0), (-1, -1), (2, 1), (1, -4), (-5, -5)] does not compute correctly in run_exps()
