p(x) = (36.0) 36.0x^2 + -90.0x + -73.0  for all k >= 7
[(1, 1), (0, 0), (0, 1), (9, 6), (3, 3), (1, 7), (7, 8)]
[7, 28, 83, 198, 397, 687, 1061, 1511, 2033, 2627, 3293, 4031, 4841, 5723, 6677, 7703, 8801, 9971, 11213, 12527, 13913, 15371, 16901, 18503, 20177, 21923, 23741, 25631, 27593, 29627, 31733]
(76, [[0, 6, 7, 7, 7, 7, 7, 7, 7, 7, 7, 7, 7, 7, 7, 7, 7, 7, 7, 7, 7, 7, 7, 7, 7, 7, 10, 10, 10, 11, 12, 12, 12, 12, 12, 12, 12, 12], [3, 4, 4, 4, 4, 4, 5, 5, 8, 8, 8, 8, 8, 8, 8, 8, 9, 9, 9, 9, 9, 9, 9, 9, 9, 9, 9, 9, 9, 9, 9, 9, 9, 9, 13, 13, 13, 13]])

p(x) = (60.0) 60.0x^2 + -274.0x + -361.0  for all k >= 14
[(0, 0), (2, 1), (1, 1), (9, 0), (9, 5), (6, 9), (2, 7)]
[7, 28, 81, 186, 362, 627, 999, 1496, 2136, 2935, 3894, 4994, 6218, 7563, 9029, 10615, 12321, 14147, 16093, 18159, 20345, 22651, 25077, 27623, 30289, 33075, 35981, 39007, 42153, 45419, 48805]
(166, [[0, 5, 5, 5, 5, 5, 6, 6, 6, 6, 9, 12, 12, 12, 12, 12, 12, 12, 12, 12, 12, 12, 12, 12, 12, 12, 12, 12, 12, 12, 13, 13, 13, 13, 13, 13, 13, 13, 13, 13, 13, 13, 13, 13, 13, 13, 13, 13, 13, 16, 16, 16, 16, 16, 16, 16, 16, 16, 16, 16, 16, 16, 16, 16, 16, 16, 16, 16, 16, 16, 16, 16, 16, 16, 16, 16, 16, 16, 16, 19, 19, 19, 19], [3, 3, 3, 4, 4, 4, 7, 7, 7, 8, 8, 10, 10, 11, 11, 11, 11, 11, 11, 11, 11, 11, 14, 14, 14, 14, 14, 14, 14, 14, 14, 14, 14, 14, 14, 14, 14, 14, 14, 14, 14, 14, 14, 14, 14, 14, 14, 14, 14, 14, 14, 14, 14, 14, 14, 14, 14, 14, 14, 15, 15, 15, 15, 15, 15, 15, 15, 15, 15, 15, 15, 15, 17, 18, 18, 18, 18, 18, 18, 18, 18, 18, 20]])

p(x) = (30.0) 30.0x^2 + -161.0x + 315.0  for all k >= 10
[(1, 0), (0, 1), (1, 1), (7, 6), (0, 7), (7, 5), (0, 4)]
[7, 26, 70, 147, 265, 432, 656, 943, 1293, 1705, 2174, 2703, 3292, 3941, 4650, 5419, 6248, 7137, 8086, 9095, 10164, 11293, 12482, 13731, 15040, 16409, 17838, 19327, 20876, 22485, 24154]
(198, [[0, 5, 5, 5, 5, 5, 5, 5, 5, 5, 5, 5, 5, 5, 5, 5, 5, 5, 5, 5, 5, 7, 7, 7, 7, 10, 10, 10, 10, 10, 10, 10, 10, 10, 10, 10, 12, 12, 12, 12, 12, 12, 12, 12, 12, 12, 12, 12, 12, 12, 12, 12, 12, 12, 12, 12, 12, 12, 12, 14, 14, 14, 14, 14, 14, 14, 14, 14, 14, 14, 14, 14, 14, 14, 14, 14, 14, 14, 14, 14, 14, 14, 14, 14, 14, 14, 14, 14, 14, 14, 14, 14, 14, 14, 14, 14, 16, 16, 16], [2, 2, 4, 4, 4, 4, 4, 4, 4, 6, 6, 6, 6, 6, 6, 6, 6, 6, 6, 6, 6, 6, 6, 6, 6, 8, 8, 11, 11, 11, 11, 11, 11, 11, 11, 11, 11, 11, 11, 11, 11, 11, 11, 11, 13, 13, 13, 13, 13, 13, 13, 13, 13, 13, 13, 13, 13, 13, 13, 13, 13, 13, 13, 13, 13, 13, 13, 13, 13, 13, 13, 13, 13, 13, 13, 13, 13, 13, 13, 13, 13, 13, 15, 15, 15, 15, 15, 15, 15, 15, 15, 15, 15, 15, 15, 15, 15, 15, 15]])

p(x) = (10.5) 10.5x^2 + -7.5x + -7.0  for all k >= 4
[(1, 1), (2, 1), (0, 0), (3, 2), (0, 3), (0, 5), (3, 0)]
[7, 26, 66, 131, 218, 326, 455, 605, 776, 968, 1181, 1415, 1670, 1946, 2243, 2561, 2900, 3260, 3641, 4043, 4466, 4910, 5375, 5861, 6368, 6896, 7445, 8015, 8606, 9218, 9851]
(58, [[0, 4, 4, 4, 4, 4, 5, 6, 6, 6, 6, 6, 6, 6, 6, 6, 6, 6, 8, 8, 8, 8, 8, 8, 8, 8, 8, 8, 9], [2, 2, 3, 3, 3, 3, 7, 7, 7, 7, 7, 7, 7, 7, 7, 7, 7, 7, 7, 7, 7, 7, 7, 7, 7, 7, 7, 7, 10]])

p(x) = (23.5) 23.5x^2 + -39.5x + -38.0  for all k >= 8
[(0, 1), (0, 0), (1, 1), (7, 6), (6, 5), (6, 3), (9, 2)]
[7, 27, 76, 174, 337, 562, 835, 1150, 1510, 1917, 2371, 2872, 3420, 4015, 4657, 5346, 6082, 6865, 7695, 8572, 9496, 10467, 11485, 12550, 13662, 14821, 16027, 17280, 18580, 19927, 21321]
(122, [[0, 6, 6, 7, 7, 7, 7, 7, 7, 7, 7, 7, 7, 7, 7, 7, 7, 7, 7, 7, 7, 7, 7, 7, 7, 7, 7, 7, 7, 7, 7, 7, 10, 10, 10, 10, 10, 10, 10, 11, 11, 11, 11, 11, 11, 11, 11, 11, 11, 11, 11, 11, 11, 11, 11, 11, 11, 11, 11, 14, 14], [2, 3, 4, 5, 5, 5, 5, 5, 5, 8, 8, 8, 8, 8, 8, 8, 8, 8, 8, 8, 8, 9, 9, 9, 9, 9, 9, 9, 9, 9, 9, 9, 9, 9, 9, 9, 9, 9, 9, 9, 9, 9, 9, 9, 9, 9, 9, 9, 9, 9, 12, 12, 12, 12, 12, 12, 13, 13, 13, 13, 13]])

p(x) = (45.0) 45.0x^2 + -236.0x + 288.0  for all k >= 11
[(1, 0), (0, 1), (1, 1), (1, 5), (0, 6), (9, 5), (9, 1)]
[7, 26, 70, 155, 299, 519, 831, 1250, 1780, 2413, 3137, 3936, 4825, 5804, 6873, 8032, 9281, 10620, 12049, 13568, 15177, 16876, 18665, 20544, 22513, 24572, 26721, 28960, 31289, 33708, 36217]
(452, [[0, 4, 6, 7, 7, 7, 7, 10, 10, 10, 10, 10, 10, 10, 10, 10, 10, 10, 10, 10, 10, 10, 10, 10, 10, 10, 13, 13, 13, 13, 13, 13, 13, 13, 13, 13, 13, 13, 13, 13, 13, 13, 13, 13, 13, 13, 13, 13, 13, 13, 13, 13, 13, 13, 13, 13, 13, 13, 13, 13, 13, 13, 13, 13, 13, 13, 13, 13, 13, 15, 15, 15, 15, 15, 15, 15, 15, 15, 15, 15, 15, 15, 15, 15, 15, 15, 15, 15, 15, 15, 15, 15, 15, 15, 15, 15, 15, 15, 15, 15, 15, 15, 15, 15, 15, 15, 15, 15, 15, 15, 15, 15, 15, 15, 15, 15, 15, 15, 15, 15, 15, 15, 15, 15, 15, 15, 15, 15, 15, 15, 15, 15, 15, 15, 15, 15, 15, 15, 15, 15, 15, 15, 15, 15, 15, 15, 15, 15, 15, 15, 15, 15, 15, 15, 15, 15, 15, 15, 15, 15, 15, 15, 15, 15, 15, 15, 15, 15, 15, 15, 15, 15, 15, 15, 15, 15, 15, 15, 15, 15, 15, 15, 15, 15, 15, 15, 15, 15, 15, 15, 15, 15, 15, 15, 15, 15, 15, 15, 15, 15, 15, 15, 15, 15, 15, 15, 15, 15, 15, 15, 15, 17, 17, 17, 17, 17, 17, 17, 17, 17, 17, 17, 17, 17, 17, 17], [2, 2, 5, 5, 8, 8, 8, 9, 9, 9, 9, 9, 9, 9, 9, 9, 9, 12, 12, 12, 12, 12, 12, 12, 12, 12, 12, 12, 12, 12, 12, 12, 12, 12, 14, 14, 14, 14, 14, 14, 14, 14, 14, 14, 14, 14, 14, 14, 14, 14, 14, 14, 14, 14, 14, 14, 14, 14, 14, 14, 14, 14, 14, 14, 14, 14, 14, 14, 14, 14, 14, 14, 14, 14, 14, 14, 14, 14, 14, 14, 14, 14, 14, 14, 14, 14, 14, 14, 14, 14, 14, 14, 14, 14, 14, 14, 14, 14, 14, 14, 14, 14, 14, 14, 14, 14, 14, 14, 14, 14, 14, 14, 14, 14, 14, 14, 14, 14, 14, 14, 14, 14, 14, 14, 14, 14, 14, 14, 14, 14, 14, 14, 14, 14, 14, 14, 14, 14, 14, 14, 14, 14, 14, 14, 14, 14, 14, 14, 14, 14, 16, 16, 16, 16, 16, 16, 16, 16, 16, 16, 16, 16, 16, 16, 16, 16, 16, 16, 16, 16, 16, 16, 16, 16, 16, 16, 16, 16, 16, 16, 16, 16, 16, 16, 16, 16, 16, 16, 16, 16, 16, 16, 16, 16, 16, 16, 16, 16, 16, 16, 16, 16, 16, 16, 16, 16, 16, 16, 16, 16, 16, 16, 16, 16, 16, 16, 16, 16, 16, 16, 16, 16, 16, 16, 16, 16]])

p(x) = (21.5) 22.0x^2 + -62.0x + 54.0  for all k >= 5
[(1, 1), (2, 1), (0, 0), (6, 8), (1, 2), (8, 9), (5, 2)]
 13, 13, 13, 13, 13, 13, 13, 13, 13, 13, 13, 13, 13, 13, 14, 14, 14, 14, 16, 16, 16, 16, 17, 17, 17, 17, 17, 17, 17, 17, 19, 19, 19, 19, 19]])     

p(x) = (39.0) 39.0x^2 + -138.0x + 49.0  for all k >= 9
[(1, 1), (2, 1), (0, 0), (3, 9), (0, 9), (0, 5), (7, 5)]
[7, 28, 82, 191, 374, 642, 999, 1442, 1966, 2569, 3250, 4009, 4846, 5761, 6754, 7825, 8974, 10201, 11506, 12889, 14350, 15889, 17506, 19201, 20974, 22825, 24754, 26761, 28846, 31009, 33250]
(60, [[0, 5, 5, 5, 6, 6, 6, 6, 6, 7, 7, 7, 7, 9, 9, 9, 9, 9, 9, 12, 12, 12, 12, 12, 12, 12, 12, 12, 14, 14], [3, 3, 4, 4, 4, 4, 4, 8, 8, 8, 8, 8, 8, 8, 10, 10, 10, 10, 10, 11, 11, 11, 11, 11, 11, 11, 13, 13, 13, 15]])

[153.0, [76, 166, 198, 58, 122, 452, 88, 120, 190, 60]]











p(x) = (3.0) 3.0x^2 + -6.0x + 11.0  for all k >= 3
[(0, 0), (1, 1), (1, 0), (1, -5)]
[4, 10, 20, 35, 56, 83, 116, 155, 200, 251, 308, 371, 440, 515, 596, 683, 776, 875, 980, 1091, 1208, 1331, 1460, 1595, 1736, 1883, 2036, 2195, 2360, 2531, 2708]
(2, [[0], [6]])

p(x) = (2.0) 2.0x^2 + 0.0x + 2.0  for all k >= 1
[(0, 0), (-1, 0), (0, -1), (0, 3)]
[4, 10, 20, 34, 52, 74, 100, 130, 164, 202, 244, 290, 340, 394, 452, 514, 580, 650, 724, 802, 884, 970, 1060, 1154, 1252, 1354, 1460, 1570, 1684, 1802, 1924]
(2, [[0], [4]])

p(x) = (3.0) 3.0x^2 + -6.0x + 11.0  for all k >= 3
[(0, 0), (-1, -1), (-1, 0), (3, -2)]
[4, 10, 20, 35, 56, 83, 116, 155, 200, 251, 308, 371, 440, 515, 596, 683, 776, 875, 980, 1091, 1208, 1331, 1460, 1595, 1736, 1883, 2036, 2195, 2360, 2531, 2708]
(2, [[0], [6]])

p(x) = (3.0) 3.0x^2 + -6.0x + 11.0  for all k >= 3
[(0, 0), (0, -1), (1, 0), (-5, -2)]
[4, 10, 20, 35, 56, 83, 116, 155, 200, 251, 308, 371, 440, 515, 596, 683, 776, 875, 980, 1091, 1208, 1331, 1460, 1595, 1736, 1883, 2036, 2195, 2360, 2531, 2708]
(2, [[0], [6]])

p(x) = (3.5) 3.5x^2 + -10.5x + 21.0  for all k >= 4
[(0, 0), (2, 1), (1, 1), (-5, 1)]
[4, 10, 20, 35, 56, 84, 119, 161, 210, 266, 329, 399, 476, 560, 651, 749, 854, 966, 1085, 1211, 1344, 1484, 1631, 1785, 1946, 2114, 2289, 2471, 2660, 2856, 3059]
(2, [[0], [7]])

p(x) = (2.5) 2.5x^2 + -2.5x + 5.0  for all k >= 2
[(0, 0), (3, 2), (2, 1), (4, 4)]
[4, 10, 20, 35, 55, 80, 110, 145, 185, 230, 280, 335, 395, 460, 530, 605, 685, 770, 860, 955, 1055, 1160, 1270, 1385, 1505, 1630, 1760, 1895, 2035, 2180, 2330]
(2, [[0], [5]])

p(x) = (2.0) 2.0x^2 + 0.0x + 2.0  for all k >= 1
[(0, 0), (1, 1), (1, 0), (-1, -3)]
[4, 10, 20, 34, 52, 74, 100, 130, 164, 202, 244, 290, 340, 394, 452, 514, 580, 650, 724, 802, 884, 970, 1060, 1154, 1252, 1354, 1460, 1570, 1684, 1802, 1924]
(2, [[0], [4]])

p(x) = (2.5) 2.5x^2 + -2.5x + 5.0  for all k >= 2
[(0, 0), (-1, 0), (1, 1), (2, -1)]
[4, 10, 20, 35, 55, 80, 110, 145, 185, 230, 280, 335, 395, 460, 530, 605, 685, 770, 860, 955, 1055, 1160, 1270, 1385, 1505, 1630, 1760, 1895, 2035, 2180, 2330]
(2, [[0], [5]])

p(x) = (2.0) 2.0x^2 + 0.0x + 2.0  for all k >= 1
[(0, 0), (-1, 1), (0, 1), (3, -1)]
[4, 10, 20, 34, 52, 74, 100, 130, 164, 202, 244, 290, 340, 394, 452, 514, 580, 650, 724, 802, 884, 970, 1060, 1154, 1252, 1354, 1460, 1570, 1684, 1802, 1924]
(2, [[0], [4]])

p(x) = (4.5) 4.5x^2 + -22.5x + 57.0  for all k >= 6
[(0, 0), (-1, -1), (2, 1), (2, 4)]
[4, 10, 20, 35, 56, 84, 120, 165, 219, 282, 354, 435, 525, 624, 732, 849, 975, 1110, 1254, 1407, 1569, 1740, 1920, 2109, 2307, 2514, 2730, 2955, 3189, 3432, 3684]
(2, [[0], [9]])

p(x) = (5.0) 5.0x^2 + -9.0x + 11.0  for all k >= 4
[(0, 0), (1, 1), (1, 0), (3, -3), (2, 1)]
[5, 14, 30, 55, 91, 137, 193, 259, 335, 421, 517, 623, 739, 865, 1001, 1147, 1303, 1469, 1645, 1831, 2027, 2233, 2449, 2675, 2911, 3157, 3413, 3679, 3955, 4241, 4537]
(10, [[0, 7, 7, 7, 7], [2, 6, 6, 6, 8]])

p(x) = (20.0) 20.0x^2 + -160.0x + 460.0  for all k >= 9
[(0, 0), (-5, -3), (-3, -2), (4, -4), (-4, -4)]
[5, 15, 35, 70, 125, 205, 315, 459, 640, 860, 1120, 1420, 1760, 2140, 2560, 3020, 3520, 4060, 4640, 5260, 5920, 6620, 7360, 8140, 8960, 9820, 10720, 11660, 12640, 13660, 14720]
(4, [[0, 13], [5, 8]])

p(x) = (5.5) 5.5x^2 + -11.5x + 11.0  for all k >= 5
[(0, 0), (2, -3), (1, -2), (1, -1), (-2, -2)]
[5, 14, 30, 55, 91, 140, 200, 271, 353, 446, 550, 665, 791, 928, 1076, 1235, 1405, 1586, 1778, 1981, 2195, 2420, 2656, 2903, 3161, 3430, 3710, 4001, 4303, 4616, 4940]
(14, [[0, 8, 8, 8, 8, 8, 8], [2, 7, 7, 7, 7, 9, 9]])

p(x) = (11.5) 11.5x^2 + -50.5x + 89.0  for all k >= 5
[(0, 0), (-1, 2), (-1, 1), (-3, 1), (-3, -5)]
[5, 15, 35, 70, 124, 200, 299, 421, 566, 734, 925, 1139, 1376, 1636, 1919, 2225, 2554, 2906, 3281, 3679, 4100, 4544, 5011, 5501, 6014, 6550, 7109, 7691, 8296, 8924, 9575]
(6, [[0, 8, 9], [5, 5, 7]])

p(x) = (17.0) 17.0x^2 + -238.0x + 1241.0  for all k >= 15
[(0, 0), (-1, -1), (2, 1), (4, -3), (-4, -3)]
[5, 14, 30, 55, 91, 140, 204, 285, 385, 506, 650, 819, 1015, 1240, 1496, 1785, 2108, 2465, 2856, 3281, 3740, 4233, 4760, 5321, 5916, 6545, 7208, 7905, 8636, 9401, 10200]
(4, [[0, 19], [2, 17]])

p(x) = (6.5) 6.5x^2 + -13.5x + 17.0  for all k >= 3
[(0, 0), (-1, 1), (0, 1), (3, 0), (1, 3)]
[5, 15, 35, 67, 112, 170, 241, 325, 422, 532, 655, 791, 940, 1102, 1277, 1465, 1666, 1880, 2107, 2347, 2600, 2866, 3145, 3437, 3742, 4060, 4391, 4735, 5092, 5462, 5845]
(6, [[0, 5, 7], [4, 4, 4]])

p(x) = (7.5) 7.5x^2 + -15.5x + 9.0  for all k >= 5
[(0, 0), (-2, -1), (-1, -1), (4, 0), (3, -2)]
[5, 15, 35, 69, 119, 186, 268, 365, 477, 604, 746, 903, 1075, 1262, 1464, 1681, 1913, 2160, 2422, 2699, 2991, 3298, 3620, 3957, 4309, 4676, 5058, 5455, 5867, 6294, 6736]
(14, [[0, 6, 8, 8, 8, 8, 8], [4, 5, 5, 7, 7, 9, 9]])

p(x) = (8.0) 8.0x^2 + -24.0x + 36.0  for all k >= 4
[(0, 0), (1, 0), (-1, -1), (-4, -4), (-3, 0)]
[5, 15, 35, 68, 116, 180, 260, 356, 468, 596, 740, 900, 1076, 1268, 1476, 1700, 1940, 2196, 2468, 2756, 3060, 3380, 3716, 4068, 4436, 4820, 5220, 5636, 6068, 6516, 6980]
(4, [[0, 8], [4, 4]])

p(x) = (9.5) 9.5x^2 + -36.5x + 50.0  for all k >= 7
[(0, 0), (-1, -1), (2, 1), (0, -1), (-5, 2)]
[5, 15, 34, 65, 111, 175, 260, 366, 491, 635, 798, 980, 1181, 1401, 1640, 1898, 2175, 2471, 2786, 3120, 3473, 3845, 4236, 4646, 5075, 5523, 5990, 6476, 6981, 7505, 8048]
(12, [[0, 9, 10, 10, 10, 10], [3, 8, 8, 8, 11, 11]])

p(x) = (6.5) 6.5x^2 + -5.5x + -17.0  for all k >= 6
[(0, 0), (1, 0), (-1, -1), (-1, -5), (2, 3)]
[5, 15, 35, 69, 119, 184, 263, 355, 460, 578, 709, 853, 1010, 1180, 1363, 1559, 1768, 1990, 2225, 2473, 2734, 3008, 3295, 3595, 3908, 4234, 4573, 4925, 5290, 5668, 6059]
(10, [[0, 7, 7, 7, 9], [4, 5, 5, 6, 10]])

p(x) = (8.0) 8.0x^2 + -12.0x + 12.0  for all k >= 2
[(0, 0), (-1, 1), (0, 1), (-4, -3), (0, -1), (1, 3)]
[6, 20, 48, 92, 152, 228, 320, 428, 552, 692, 848, 1020, 1208, 1412, 1632, 1868, 2120, 2388, 2672, 2972, 3288, 3620, 3968, 4332, 4712, 5108, 5520, 5948, 6392, 6852, 7328]
(12, [[0, 5, 5, 5, 5, 6], [2, 3, 3, 4, 7, 7]])

p(x) = (15.5) 15.5x^2 + -48.5x + 46.0  for all k >= 7
[(0, 0), (-2, -1), (-1, -1), (-1, 2), (-3, 4), (-5, -2)]
[6, 21, 53, 109, 195, 314, 466, 650, 865, 1111, 1388, 1696, 2035, 2405, 2806, 3238, 3701, 4195, 4720, 5276, 5863, 6481, 7130, 7810, 8521, 9263, 10036, 10840, 11675, 12541, 13438]
(14, [[0, 4, 7, 7, 8, 8, 12], [3, 3, 3, 6, 9, 11, 11]])

p(x) = (16.5) 16.5x^2 + -52.5x + 64.0  for all k >= 3
[(0, 0), (-1, 0), (1, 1), (-1, 1), (-3, -4), (4, -1)]
[6, 21, 55, 118, 214, 343, 505, 700, 928, 1189, 1483, 1810, 2170, 2563, 2989, 3448, 3940, 4465, 5023, 5614, 6238, 6895, 7585, 8308, 9064, 9853, 10675, 11530, 12418, 13339, 14293]
(24, [[0, 6, 6, 6, 6, 6, 6, 6, 6, 6, 7, 7], [3, 4, 4, 5, 5, 5, 5, 5, 8, 8, 8, 8]])

p(x) = (20.0) 20.0x^2 + -96.0x + 170.0  for all k >= 5
[(0, 0), (-1, 0), (0, -1), (3, 3), (1, -4), (-3, -5)]
[6, 20, 50, 104, 190, 314, 478, 682, 926, 1210, 1534, 1898, 2302, 2746, 3230, 3754, 4318, 4922, 5566, 6250, 6974, 7738, 8542, 9386, 10270, 11194, 12158, 13162, 14206, 15290, 16414]
(10, [[0, 8, 8, 8, 8], [2, 4, 6, 10, 10]])

p(x) = (25.0) 25.0x^2 + -131.0x + 207.0  for all k >= 8
[(0, 0), (-2, -1), (3, 2), (-3, -3), (1, -3), (-3, 2)]
[6, 20, 50, 105, 195, 330, 517, 759, 1053, 1397, 1791, 2235, 2729, 3273, 3867, 4511, 5205, 5949, 6743, 7587, 8481, 9425, 10419, 11463, 12557, 13701, 14895, 16139, 17433, 18777, 20171]
(28, [[0, 8, 8, 10, 10, 10, 10, 10, 10, 10, 10, 10, 13, 13], [2, 5, 7, 7, 9, 11, 11, 11, 11, 11, 11, 12, 12, 12]])

p(x) = (10.5) 10.5x^2 + -26.5x + 33.0  for all k >= 3
[(0, 0), (-1, 0), (0, -1), (2, 2), (-3, 4), (-2, 2)]
[6, 20, 48, 95, 163, 252, 362, 493, 645, 818, 1012, 1227, 1463, 1720, 1998, 2297, 2617, 2958, 3320, 3703, 4107, 4532, 4978, 5445, 5933, 6442, 6972, 7523, 8095, 8688, 9302]
(16, [[0, 4, 4, 6, 6, 6, 6, 7], [2, 3, 3, 5, 5, 5, 8, 8]])

p(x) = (10.5) 10.5x^2 + -21.5x + 20.0  for all k >= 3
[(0, 0), (-3, -2), (-2, -1), (4, 1), (-4, -4), (1, 1)]
[6, 20, 50, 102, 175, 269, 384, 520, 677, 855, 1054, 1274, 1515, 1777, 2060, 2364, 2689, 3035, 3402, 3790, 4199, 4629, 5080, 5552, 6045, 6559, 7094, 7650, 8227, 8825, 9444]
(32, [[0, 6, 6, 6, 6, 6, 6, 6, 6, 6, 6, 6, 6, 6, 6, 8], [2, 4, 4, 4, 5, 5, 5, 7, 7, 7, 7, 7, 7, 7, 7, 7]])

p(x) = (21.0) 21.0x^2 + -96.0x + 164.0  for all k >= 5
[(0, 0), (-1, 1), (0, 1), (-5, 4), (-3, -3), (0, 3)]
[6, 21, 54, 114, 209, 344, 521, 740, 1001, 1304, 1649, 2036, 2465, 2936, 3449, 4004, 4601, 5240, 5921, 6644, 7409, 8216, 9065, 9956, 10889, 11864, 12881, 13940, 15041, 16184, 17369]
(10, [[0, 7, 7, 8, 9], [3, 3, 5, 10, 10]])

p(x) = (11.5) 11.5x^2 + -28.5x + 28.0  for all k >= 5
[(0, 0), (0, -1), (-1, 1), (-4, -1), (0, -2), (-2, -4)]
[6, 20, 49, 99, 173, 271, 392, 536, 703, 893, 1106, 1342, 1601, 1883, 2188, 2516, 2867, 3241, 3638, 4058, 4501, 4967, 5456, 5968, 6503, 7061, 7642, 8246, 8873, 9523, 10196]
(14, [[0, 6, 6, 6, 7, 7, 10], [2, 3, 5, 5, 9, 9, 9]])

p(x) = (12.5) 12.5x^2 + -27.5x + 24.0  for all k >= 4
[(0, 0), (1, 0), (-1, -1), (0, -3), (-4, -1), (4, -1)]
[6, 21, 55, 114, 199, 309, 444, 604, 789, 999, 1234, 1494, 1779, 2089, 2424, 2784, 3169, 3579, 4014, 4474, 4959, 5469, 6004, 6564, 7149, 7759, 8394, 9054, 9739, 10449, 11184]
(22, [[0, 5, 5, 5, 5, 6, 6, 6, 6, 6, 9], [3, 4, 4, 4, 4, 4, 4, 8, 8, 8, 8]])

p(x) = (14.0) 14.0x^2 + -22.0x + 11.0  for all k >= 9
[(0, 0), (2, 1), (1, 1), (-3, 0), (-5, 3), (4, 1), (-4, 3)]
[7, 26, 67, 137, 243, 378, 541, 730, 947, 1191, 1463, 1763, 2091, 2447, 2831, 3243, 3683, 4151, 4647, 5171, 5723, 6303, 6911, 7547, 8211, 8903, 9623, 10371, 11147, 11951, 12783]
(272, [[0, 4, 4, 4, 4, 5, 5, 5, 5, 5, 7, 7, 7, 7, 7, 7, 7, 7, 7, 7, 7, 7, 7, 7, 7, 7, 7, 7, 7, 7, 7, 7, 7, 7, 7, 7, 7, 7, 7, 7, 7, 7, 7, 7, 7, 7, 7, 7, 7, 7, 7, 7, 7, 7, 7, 7, 7, 7, 7, 7, 9, 9, 9, 9, 9, 9, 9, 9, 9, 9, 9, 9, 9, 9, 9, 9, 9, 9, 9, 9, 9, 9, 9, 9, 9, 9, 9, 9, 9, 9, 9, 9, 9, 9, 9, 9, 9, 9, 9, 11, 11, 11, 11, 11, 11, 11, 11, 11, 11, 11, 11, 11, 11, 11, 11, 11, 11, 11, 11, 11, 11, 11, 11, 13, 13, 13, 13, 13, 13, 13, 13, 13, 13, 13, 13, 15], [2, 2, 3, 3, 3, 6, 6, 6, 6, 6, 6, 6, 6, 6, 6, 6, 6, 6, 6, 6, 6, 6, 6, 6, 6, 6, 8, 8, 8, 8, 8, 8, 8, 8, 8, 8, 8, 8, 8, 8, 8, 8, 8, 8, 8, 8, 8, 8, 8, 8, 8, 8, 8, 8, 8, 8, 8, 8, 8, 8, 8, 8, 8, 8, 8, 8, 8, 8, 8, 8, 8, 8, 8, 8, 8, 8, 8, 8, 8, 8, 8, 8, 8, 8, 8, 8, 8, 10, 10, 10, 10, 10, 10, 10, 10, 10, 10, 10, 10, 10, 10, 10, 10, 10, 10, 10, 10, 10, 10, 10, 10, 12, 12, 12, 12, 12, 12, 12, 12, 12, 12, 12, 12, 12, 12, 12, 12, 12, 12, 12, 12, 14, 14, 14, 14, 14]])