p(h) = 20.0*h^2 + -146.0*h + 309.0  for all k >= 16
Lengths Array: [5, 15, 35, 70, 125, 205, 315, 460, 644, 870, 1138, 1447, 1797, 2188, 2620, 3093, 3607, 4161, 4755, 5389]
(14, [[0, 12, 12, 13, 13, 19, 19], [5, 9, 11, 11, 14, 18, 20]])
[(18, 0, 9), (36, 18, 11), (20, 16, 5), (16, -4, 11), (18, -18, 18)]

[(0, 0, 0), (1, -2, 0), (1, -1, 0), (6, 6, 0), (10, 8, 1)]
p(h) = 3.0*h^3 + -58.5*h^2 + 619.5*h + -2379.0  for all k >= 14
Lengths Array: [5, 15, 35, 70, 126, 210, 330, 495, 715, 1001, 1365, 1820, 2380, 3060, 3876, 4845, 5985, 7314, 8850, 10611]
(2, [[0], [18]])
[(18, -18, 0, 18)]

[(0, 0, 0), (1, -2, 0), (1, -1, 0), (6, 6, 1), (10, 8, 1)]
p(h) = 1.8333333*h^3 + -16.5*h^2 + 102.6666667*h + -209.0  for all k >= 7
Lengths Array: [5, 15, 35, 70, 126, 210, 330, 495, 715, 1001, 1364, 1815, 2365, 3025, 3806, 4719, 5775, 6985, 8360, 9911]
(2, [[0], [11]])
[(16, -4, 1, 11)]

[(0, 0, 0), (1, -2, 0), (1, -1, 0), (6, 6, 1), (10, 8, 2)]
p(h) = 1.5*h^3 + -9.0*h^2 + 46.5*h + -69.0  for all k >= 5
Lengths Array: [5, 15, 35, 70, 126, 210, 330, 495, 714, 996, 1350, 1785, 2310, 2934, 3666, 4515, 5490, 6600, 7854, 9261, 10830]
(2, [[0], [9]])
[(18, 0, 2, 9)]

[(0, 0, 0), (1, -2, 0), (1, -1, 0), (6, 6, 2), (10, 8, 3)]
p(h) = 0.8333333*h^3 + 0.0*h^2 + 4.1666667*h + -0.0  for all k >= 1
Lengths Array: [5, 15, 35, 70, 125, 205, 315, 460, 645, 875, 1155, 1490, 1885, 2345, 2875, 3480, 4165, 4935, 5795, 6750, 7805]
(2, [[0], [5]])
[(20, 16, 6, 5)]

[(0, 0, 0), (1, -2, 0), (1, -1, 0), (6, 6, 3), (10, 8, 5)]
p(h) = 1.8333333*h^3 + -16.5*h^2 + 102.6666667*h + -209.0  for all k >= 7
Lengths Array: [5, 15, 35, 70, 126, 210, 330, 495, 715, 1001, 1364, 1815, 2365, 3025, 3806, 4719, 5775, 6985, 8360, 9911]
(2, [[0], [11]])
[(36, 18, 15, 11)]
