p(h) = 2.0*h^2 + 2.0*h + 1.0  for all k >= 1
Lengths Array: [5, 13, 25, 41, 61, 85, 113, 145, 181, 221, 265, 313, 365, 421, 481, 545, 613, 685, 761, 841, 925]
(4, [[0, 4], [2, 2]])
[(2, 2, 2), (2, 3, 2)]

[(0, 0, 0), (1, 1, 0), (1, 0, 0), (1, 2, 0), (2, 3, 1)]
p(h) = 0.3333333*h^3 + 1.5*h^2 + 2.1666667*h + 1.0  for all k >= 1
Lengths Array: [5, 14, 30, 55, 91, 140, 204, 285, 385, 506, 650, 819, 1015, 1240, 1496, 1785, 2109, 2470, 2870, 3311, 3795]
(2, [[0], [2]])
[(2, 2, 0, 2)]

[(0, 0, 0), (1, 1, 0), (1, 0, 1), (1, 2, 0), (2, 3, 0)]
p(h) = 0.3333333*h^3 + 1.5*h^2 + 2.1666667*h + 1.0  for all k >= 1
Lengths Array: [5, 14, 30, 55, 91, 140, 204, 285, 385, 506, 650, 819, 1015, 1240, 1496, 1785, 2109, 2470, 2870, 3311, 3795]
(2, [[0], [2]])
[(2, 3, 0, 2)]
