p(h) = 13.0*h^2 + -63.0*h + 113.0  for all k >= 7
Lengths Array: [5, 15, 35, 70, 125, 204, 309, 441, 599, 783, 993, 1229, 1491, 1779, 2093, 2433, 2799, 3191, 3609, 4053, 4523, 5019, 5541, 6089, 6663, 7263, 7889, 8541, 9219, 9923, 10653, 11409, 12191, 12999, 13833, 14693]
(10, [[0, 8, 10, 10, 10], [5, 6, 7, 9, 11]])
[(10, 6, 5), (6, 6, 6), (15, 12, 9), (5, 2, 7)]

[(0, 0, 0), (1, 0, 0), (0, 1, 0), (6, 6, 1), (5, 2, 0)]
p(h) = 1.1666667*h^3 + -3.5*h^2 + 16.3333333*h + -14.0  for all k >= 3
Lengths Array: [5, 15, 35, 70, 126, 210, 329, 490, 700, 966, 1295, 1694, 2170, 2730, 3381, 4130, 4984, 5950, 7035, 8246, 9590, 11074, 12705, 14490, 16436, 18550, 20839, 23310, 25970, 28826, 31885, 35154, 38640, 42350, 46291, 50470]
(2, [[0], [7]])
[(5, 2, 0, 7)]

[(0, 0, 0), (1, 0, 0), (0, 1, 1), (6, 6, 3), (5, 2, 0)]
p(h) = 1.5*h^3 + -9.0*h^2 + 46.5*h + -69.0  for all k >= 5
Lengths Array: [5, 15, 35, 70, 126, 210, 330, 495, 714, 996, 1350, 1785, 2310, 2934, 3666, 4515, 5490, 6600, 7854, 9261, 10830]
(2, [[0], [9]])
[(15, 12, 6, 9)]

[(0, 0, 0), (1, 0, 0), (0, 1, 0), (6, 6, 1), (5, 2, 1)]
p(h) = 1.0*h^3 + -1.5*h^2 + 8.5*h + -4.0  for all k >= 2
Lengths Array: [5, 15, 35, 70, 126, 209, 325, 480, 680, 931, 1239, 1610, 2050, 2565, 3161, 3844, 4620, 5495, 6475, 7566, 8774, 10105, 11565, 13160, 14896, 16779, 18815, 21010, 23370, 25901, 28609, 31500, 34580, 37855, 41331, 45014]
(2, [[0], [6]])
[(6, 6, 1, 6)]

[(0, 0, 0), (1, 0, 0), (0, 1, 0), (6, 6, 2), (5, 2, 1)]
p(h) = 0.8333333*h^3 + 0.0*h^2 + 4.1666667*h + -0.0  for all k >= 1
Lengths Array: [5, 15, 35, 70, 125, 205, 315, 460, 645, 875, 1155, 1490, 1885, 2345, 2875, 3480, 4165, 4935, 5795, 6750, 7805]
(2, [[0], [5]])
[(10, 6, 2, 5)]
