p(h) = 26.0*h^2 + -252.0*h + 760.0  for all k >= 14
Lengths Array: [5, 15, 35, 70, 125, 205, 315, 460, 645, 875, 1155, 1490, 1881, 2328, 2830, 3384, 3990, 4648, 5358, 6120]
(18, [[0, 14, 14, 14, 17, 17, 17, 17, 17], [5, 13, 13, 13, 13, 16, 18, 18, 18]])
[(41, 27, 13), (65, 39, 13), (57, 35, 13), (20, 12, 5), (49, 31, 13), (48, 32, 16)]

[(0, 0, 0), (5, 3, 0), (3, 2, 0), (8, 4, 0), (1, 7, 1)]
p(h) = 0.8333333*h^3 + 0.0*h^2 + 4.1666667*h + -0.0  for all k >= 1
Lengths Array: [5, 15, 35, 70, 125, 205, 315, 460, 645, 875, 1155, 1490, 1885, 2345, 2875]
(2, [[0], [5]])
[(20, 12, 0, 5)]

[(0, 0, 0), (5, 3, 2), (3, 2, 1), (8, 4, 3), (1, 7, 0)]
p(h) = 2.1666667*h^3 + -26.0*h^2 + 192.8333333*h + -494.0  for all k >= 9
Lengths Array: [5, 15, 35, 70, 126, 210, 330, 495, 715, 1001, 1365, 1820, 2379, 3055, 3861]
(2, [[0], [13]])
[(49, 31, 18, 13)]

[(0, 0, 0), (5, 3, 2), (3, 2, 1), (8, 4, 3), (1, 7, 1)]
p(h) = 2.1666667*h^3 + -26.0*h^2 + 192.8333333*h + -494.0  for all k >= 9
Lengths Array: [5, 15, 35, 70, 126, 210, 330, 495, 715, 1001, 1365, 1820, 2379, 3055, 3861]
(2, [[0], [13]])
[(57, 35, 22, 13)]

[(0, 0, 0), (5, 3, 2), (3, 2, 1), (8, 4, 3), (1, 7, 2)]
p(h) = 2.1666667*h^3 + -26.0*h^2 + 192.8333333*h + -494.0  for all k >= 9
Lengths Array: [5, 15, 35, 70, 126, 210, 330, 495, 715, 1001, 1365, 1820, 2379, 3055, 3861]
(2, [[0], [13]])
[(65, 39, 26, 13)]

[(0, 0, 1), (5, 3, 3), (3, 2, 2), (8, 4, 4), (1, 7, 0)]
p(h) = 2.1666667*h^3 + -26.0*h^2 + 192.8333333*h + -494.0  for all k >= 9
Lengths Array: [5, 15, 35, 70, 126, 210, 330, 495, 715, 1001, 1365, 1820, 2379, 3055, 3861]
(2, [[0], [13]])
[(41, 27, 27, 13)]

[(0, 0, 1), (5, 3, 1), (3, 2, 1), (8, 4, 0), (1, 7, 5)]
p(h) = 2.6666667*h^3 + -44.0*h^2 + 409.3333333*h + -1364.0  for all k >= 12
Lengths Array: [5, 15, 35, 70, 126, 210, 330, 495, 715, 1001, 1365, 1820, 2380, 3060, 3876, 4844, 5980, 7300]
(2, [[0], [16]])
[(48, 32, 16, 16)]
