[(0, 0), (0, -1), (-1, 1), (8, 3), (4, 2)]
p(h) = 10.0*h^2 + -29.0*h + -44.0  for all k >= 9
Lengths Array: [5, 15, 34, 65, 111, 175, 260, 369, 505, 666, 847, 1048, 1269, 1510, 1771, 2052, 2353, 2674, 3015, 3376]
(22, [[0, 11, 11, 12, 12, 12, 12, 12, 12, 12, 12], [3, 10, 10, 10, 10, 10, 13, 13, 13, 13, 13]])
[(12, 6, 10), (36, 18, 10), (44, 22, 11), (0, 0, 11), (8, 3, 3), (20, 10, 10), (4, 2, 10), (28, 14, 10)]

[(0, 0, 0), (0, -1, 0), (-1, 1, 1), (8, 3, 1), (4, 2, 1)]
p(h) = 1.6666667*h^3 + -12.5*h^2 + 70.8333333*h + -125.0  for all k >= 6
Lengths Array: [5, 15, 35, 70, 126, 210, 330, 495, 715, 1000, 1360, 1805, 2345, 2990, 3750]
(2, [[0], [10]])
[(36, 18, 9, 10)]

[(0, 0, 0), (0, -1, 1), (-1, 1, 0), (8, 3, 0), (4, 2, 0)]
p(h) = 1.8333333*h^3 + -16.5*h^2 + 102.6666667*h + -209.0  for all k >= 7
Lengths Array: [5, 15, 35, 70, 126, 210, 330, 495, 715, 1001, 1364, 1815, 2365, 3025, 3806]
(2, [[0], [11]])
[(44, 22, 0, 11)]

[(0, 0, 1), (0, -1, 0), (-1, 1, 2), (8, 3, 1), (4, 2, 1)]
p(h) = 1.6666667*h^3 + -12.5*h^2 + 70.8333333*h + -125.0  for all k >= 6
Lengths Array: [5, 15, 35, 70, 126, 210, 330, 495, 715, 1000, 1360, 1805, 2345, 2990, 3750]
(2, [[0], [10]])
[(12, 6, 10, 10)]

[(0, 0, 1), (0, -1, 1), (-1, 1, 0), (8, 3, 2), (4, 2, 1)]
p(h) = 1.6666667*h^3 + -12.5*h^2 + 70.8333333*h + -125.0  for all k >= 6
Lengths Array: [5, 15, 35, 70, 126, 210, 330, 495, 715, 1000, 1360, 1805, 2345, 2990, 3750]
(2, [[0], [10]])
[(28, 14, 10, 10)]

[(0, 0, 1), (0, -1, 1), (-1, 1, 1), (8, 3, 0), (4, 2, 0)]
p(h) = 1.6666667*h^3 + -12.5*h^2 + 70.8333333*h + -125.0  for all k >= 6
Lengths Array: [5, 15, 35, 70, 126, 210, 330, 495, 715, 1000, 1360, 1805, 2345, 2990, 3750]
(2, [[0], [10]])
[(4, 2, 9, 10)]

[(0, 0, 1), (0, -1, 1), (-1, 1, 1), (8, 3, 0), (4, 2, 1)]
p(h) = 1.8333333*h^3 + -16.5*h^2 + 102.6666667*h + -209.0  for all k >= 7
Lengths Array: [5, 15, 35, 70, 126, 210, 330, 495, 715, 1001, 1364, 1815, 2365, 3025, 3806]
(2, [[0], [11]])
[(0, 0, 11, 11)]

[(0, 0, 0), (0, -1, 0), (-1, 1, 0), (8, 3, 2), (4, 2, 1)]
p(h) = 0.5*h^3 + 1.5*h^2 + 2.0*h + 1.0  for all k >= 1
Lengths Array: [5, 15, 34, 65, 111, 175, 260, 369, 505, 671, 870, 1105, 1379, 1695, 2056]
(2, [[0], [3]])
[(8, 3, 2, 3)]

[(0, 0, 1), (0, -1, 0), (-1, 1, 3), (8, 3, 1), (4, 2, 2)]
p(h) = 1.6666667*h^3 + -12.5*h^2 + 70.8333333*h + -125.0  for all k >= 6
Lengths Array: [5, 15, 35, 70, 126, 210, 330, 495, 715, 1000, 1360, 1805]
(2, [[0], [10]])
[(20, 10, 15, 10)]
