p(h) = 15.5*h^2 + -85.5*h + 80.0  for all k >= 14
Lengths Array: [5, 15, 35, 69, 121, 195, 295, 425, 589, 788, 1022, 1289, 1589, 1921, 2285, 2680, 3106, 3563, 4051, 4570]
(22, [[0, 11, 11, 13, 13, 13, 13, 15, 15, 17, 17], [4, 10, 10, 10, 12, 14, 14, 14, 16, 16, 18]])
[(18, 12, 12), (40, 20, 10), (32, 18, 10), (24, 16, 10), (8, 3, 4), (12, 8, 14), (6, 4, 16)]

[(0, 0, 0), (0, 1, 0), (1, -1, 0), (8, 3, 1), (6, 4, 0)]
p(h) = 2.6666667*h^3 + -44.0*h^2 + 409.3333333*h + -1364.0  for all k >= 12
Lengths Array: [5, 15, 35, 70, 126, 210, 330, 495, 715, 1001, 1365, 1820, 2380, 3060, 3876, 4844, 5980, 7300]
(2, [[0], [16]])
[(6, 4, 0, 16)]

[(0, 0, 0), (0, 1, 0), (1, -1, 0), (8, 3, 1), (6, 4, 1)]
p(h) = 0.6666667*h^3 + 1.0*h^2 + 2.3333333*h + 1.0  for all k >= 1
Lengths Array: [5, 15, 35, 69, 121, 195, 295, 425, 589, 791, 1035, 1325, 1665, 2059, 2511, 3025, 3605, 4255]
(2, [[0], [4]])
[(8, 3, 1, 4)]

[(0, 0, 0), (0, 1, 0), (1, -1, 0), (8, 3, 2), (6, 4, 1)]
p(h) = 2.3333333*h^3 + -31.5*h^2 + 253.1666667*h + -714.0  for all k >= 10
Lengths Array: [5, 15, 35, 70, 126, 210, 330, 495, 715, 1001, 1365, 1820, 2380, 3059, 3871, 4830, 5950, 7245]
(2, [[0], [14]])
[(12, 8, 2, 14)]

[(0, 0, 0), (0, 1, 0), (1, -1, 0), (8, 3, 3), (6, 4, 2)]
p(h) = 2.0*h^3 + -21.0*h^2 + 143.0*h + -329.0  for all k >= 8
Lengths Array: [5, 15, 35, 70, 126, 210, 330, 495, 715, 1001, 1365, 1819, 2375, 3045, 3841, 4775, 5859, 7105]
(2, [[0], [12]])
[(18, 12, 6, 12)]

[(0, 0, 0), (0, 1, 0), (1, -1, 0), (8, 3, 3), (6, 4, 3)]
[(0, 0, 0), (0, 1, 0), (1, -1, 0), (8, 3, 4), (6, 4, 3)]
p(h) = 1.6666667*h^3 + -12.5*h^2 + 70.8333333*h + -125.0  for all k >= 6
Lengths Array: [5, 15, 35, 70, 126, 210, 330, 495, 715, 1000, 1360, 1805, 2345, 2990, 3750, 4635, 5655, 6820]
(2, [[0], [10]])
[(24, 16, 12, 10)]

[(0, 0, 0), (0, 1, 0), (1, -1, 1), (8, 3, 2), (6, 4, 1)]
p(h) = 1.6666667*h^3 + -12.5*h^2 + 70.8333333*h + -125.0  for all k >= 6
Lengths Array: [5, 15, 35, 70, 126, 210, 330, 495, 715, 1000, 1360, 1805]
(2, [[0], [10]])
[(40, 20, 10, 10)]

[(0, 0, 0), (0, 1, 0), (1, -1, 1), (8, 3, 3), (6, 4, 2)]
p(h) = 1.6666667*h^3 + -12.5*h^2 + 70.8333333*h + -125.0  for all k >= 6
Lengths Array: [5, 15, 35, 70, 126, 210, 330, 495, 715, 1000, 1360, 1805]
(2, [[0], [10]])
[(32, 18, 12, 10)]

