[(0, 0), (3, 2), (-5, -3), (8, 2), (-2, 2)]
p(h) = 25.0*h^2 + -550.0*h + 4325.0  for all k >= 23
Lengths Array: [5, 14, 30, 55, 91, 140, 204, 285, 385, 506, 650, 819, 1015, 1240, 1496, 1785, 2109, 2470, 2870, 3311, 3795, 4324, 4900, 5525, 6200, 6925, 7700, 8525, 9400]
(4, [[0, 27], [2, 25]])
[(6, 4, 2)]
([(6, 4, 2), (0, 0, 25)], [(6, 4, 27)])
2


[(6, 4, 2)]
(0, 0, 25)
(-6, -4, 23)
(-12, -8, 21)
(-18, -12, 19)
(-24, -16, 17)
(-30, -20, 15)
(-36, -24, 13)
(-42, -28, 11)
not in elements: (-48, -32, 9)


Cancellation:

A: [(0, 0), (8, 5), (5, 3), (6, 2), (9, 9)], k: 12, vol*d!: 41.0
[[0, 16, 16], [3, 14, 15]]
max neg height min useless: 15