m, A, |A|, b, k, ~k
[[7, [0, 3, 4, 5, 6, 7, 4, 5, 6], 9, 13, 2, -1]]
m, A, |A|, b, k, ~k
[[7, [0, 3, 4, 5, 6, 7, 5, 6, 7], 9, 13, 2, -1]]
m, A, |A|, b, k, ~k
[[8, [0, 3, 4, 5, 6, 7, 6, 7, 8], 9, 15, 2, -1]]
m, A, |A|, b, k, ~k
[[9, [0, 3, 4, 5, 6, 7, 7, 8, 9], 9, 17, 2, -1]]
m, A, |A|, b, k, ~k
[[10, [0, 3, 4, 5, 6, 7, 8, 9, 10], 9, 9, 1, -1]]
m, A, |A|, b, k, ~k
[[11, [0, 3, 4, 5, 6, 7, 9, 10, 11], 9, 21, 2, -1]]
m, A, |A|, b, k, ~k
[[12, [0, 3, 4, 5, 6, 7, 10, 11, 12], 9, 23, 2, -1]]
m, A, |A|, b, k, ~k
[[13, [0, 3, 4, 5, 6, 7, 11, 12, 13], 9, 38, 3, -1]]
m, A, |A|, b, k, ~k
[[14, [0, 3, 4, 5, 6, 7, 12, 13, 14], 9, 41, 3, -1]]
m, A, |A|, b, k, ~k
[[15, [0, 3, 4, 5, 6, 7, 13, 14, 15], 9, 59, 4, -1]]
m, A, |A|, b, k, ~k
[[16, [0, 3, 4, 5, 6, 7, 14, 15, 16], 9, 63, 4, -1]]
m, A, |A|, b, k, ~k
[[17, [0, 3, 4, 5, 6, 7, 15, 16, 17], 9, 84, 5, -1]]
m, A, |A|, b, k, ~k
[[18, [0, 3, 4, 5, 6, 7, 16, 17, 18], 9, 89, 5, -1]]
m, A, |A|, b, k, ~k
[[19, [0, 3, 4, 5, 6, 7, 17, 18, 19], 9, 93, 5, -2]]
m, A, |A|, b, k, ~k
[[20, [0, 3, 4, 5, 6, 7, 18, 19, 20], 9, 119, 6, -1]]
m, A, |A|, b, k, ~k
[[21, [0, 3, 4, 5, 6, 7, 19, 20, 21], 9, 146, 7, -1]]
m, A, |A|, b, k, ~k
[[22, [0, 3, 4, 5, 6, 7, 20, 21, 22], 9, 153, 7, -1]]
m, A, |A|, b, k, ~k
[[23, [0, 3, 4, 5, 6, 7, 21, 22, 23], 9, 183, 8, -1]]
m, A, |A|, b, k, ~k
[[24, [0, 3, 4, 5, 6, 7, 22, 23, 24], 9, 191, 8, -1]]
m, A, |A|, b, k, ~k
[[25, [0, 3, 4, 5, 6, 7, 23, 24, 25], 9, 224, 9, -1]]
m, A, |A|, b, k, ~k
[[26, [0, 3, 4, 5, 6, 7, 24, 25, 26], 9, 233, 9, -1]]
m, A, |A|, b, k, ~k
[[27, [0, 3, 4, 5, 6, 7, 25, 26, 27], 9, 269, 10, -1]]
m, A, |A|, b, k, ~k
[[28, [0, 3, 4, 5, 6, 7, 26, 27, 28], 9, 249, 9, -3]]
m, A, |A|, b, k, ~k
[[29, [0, 3, 4, 5, 6, 7, 27, 28, 29], 9, 318, 11, -1]]
m, A, |A|, b, k, ~k
[[30, [0, 3, 4, 5, 6, 7, 28, 29, 30], 9, 329, 11, -1]]
m, A, |A|, b, k, ~k
[[31, [0, 3, 4, 5, 6, 7, 29, 30, 31], 9, 371, 12, -1]]
m, A, |A|, b, k, ~k
[[32, [0, 3, 4, 5, 6, 7, 30, 31, 32], 9, 383, 12, -1]]
m, A, |A|, b, k, ~k
[[33, [0, 3, 4, 5, 6, 7, 31, 32, 33], 9, 428, 13, -1]]
m, A, |A|, b, k, ~k
[[34, [0, 3, 4, 5, 6, 7, 32, 33, 34], 9, 441, 13, -1]]
m, A, |A|, b, k, ~k
[[35, [0, 3, 4, 5, 6, 7, 33, 34, 35], 9, 489, 14, -1]]
m, A, |A|, b, k, ~k
[[36, [0, 3, 4, 5, 6, 7, 34, 35, 36], 9, 503, 14, -1]]
m, A, |A|, b, k, ~k
[[37, [0, 3, 4, 5, 6, 7, 35, 36, 37], 9, 516, 14, -2]]
m, A, |A|, b, k, ~k
[[38, [0, 3, 4, 5, 6, 7, 36, 37, 38], 9, 569, 15, -1]]
m, A, |A|, b, k, ~k
[[39, [0, 3, 4, 5, 6, 7, 37, 38, 39], 9, 623, 16, -1]]
m, A, |A|, b, k, ~k
[[40, [0, 3, 4, 5, 6, 7, 38, 39, 40], 9, 639, 16, -1]]
m, A, |A|, b, k, ~k
[[41, [0, 3, 4, 5, 6, 7, 39, 40, 41], 9, 696, 17, -1]]
m, A, |A|, b, k, ~k
[[42, [0, 3, 4, 5, 6, 7, 40, 41, 42], 9, 713, 17, -1]]
m, A, |A|, b, k, ~k
[[43, [0, 3, 4, 5, 6, 7, 41, 42, 43], 9, 773, 18, -1]]
m, A, |A|, b, k, ~k
[[44, [0, 3, 4, 5, 6, 7, 42, 43, 44], 9, 791, 18, -1]]
m, A, |A|, b, k, ~k
[[45, [0, 3, 4, 5, 6, 7, 43, 44, 45], 9, 854, 19, -1]]
m, A, |A|, b, k, ~k
[[46, [0, 3, 4, 5, 6, 7, 44, 45, 46], 9, 825, 18, -3]]
m, A, |A|, b, k, ~k
[[47, [0, 3, 4, 5, 6, 7, 45, 46, 47], 9, 939, 20, -1]]
m, A, |A|, b, k, ~k
[[48, [0, 3, 4, 5, 6, 7, 46, 47, 48], 9, 959, 20, -1]]
m, A, |A|, b, k, ~k
[[49, [0, 3, 4, 5, 6, 7, 47, 48, 49], 9, 1028, 21, -1]]
m, A, |A|, b, k, ~k
[[50, [0, 3, 4, 5, 6, 7, 48, 49, 50], 9, 1049, 21, -1]]
m, A, |A|, b, k, ~k
[[51, [0, 3, 4, 5, 6, 7, 49, 50, 51], 9, 1121, 22, -1]]
