m, A, |A|, b, k, ~k
[[11, [0, 3, 4, 5, 6, 7, 8, 9, 10, 11], 10, 10, 1, -1]]
m, A, |A|, b, k, ~k
[[12, [0, 3, 4, 5, 6, 7, 8, 10, 11, 12], 10, 23, 2, -1]]
m, A, |A|, b, k, ~k
[[13, [0, 3, 4, 5, 6, 7, 8, 11, 12, 13], 10, 25, 2, -1]]
m, A, |A|, b, k, ~k
[[14, [0, 3, 4, 5, 6, 7, 8, 12, 13, 14], 10, 41, 3, -1]]
m, A, |A|, b, k, ~k
[[15, [0, 3, 4, 5, 6, 7, 8, 13, 14, 15], 10, 44, 3, -1]]
m, A, |A|, b, k, ~k
[[16, [0, 3, 4, 5, 6, 7, 8, 14, 15, 16], 10, 63, 4, -1]]
m, A, |A|, b, k, ~k
[[17, [0, 3, 4, 5, 6, 7, 8, 15, 16, 17], 10, 67, 4, -1]]
m, A, |A|, b, k, ~k
[[18, [0, 3, 4, 5, 6, 7, 8, 16, 17, 18], 10, 89, 5, -1]]
m, A, |A|, b, k, ~k
[[19, [0, 3, 4, 5, 6, 7, 8, 17, 18, 19], 10, 94, 5, -1]]
m, A, |A|, b, k, ~k
[[20, [0, 3, 4, 5, 6, 7, 8, 18, 19, 20], 10, 119, 6, -1]]
m, A, |A|, b, k, ~k
[[21, [0, 3, 4, 5, 6, 7, 8, 19, 20, 21], 10, 102, 5, -3]]
m, A, |A|, b, k, ~k
[[22, [0, 3, 4, 5, 6, 7, 8, 20, 21, 22], 10, 153, 7, -1]]
m, A, |A|, b, k, ~k
[[23, [0, 3, 4, 5, 6, 7, 8, 21, 22, 23], 10, 160, 7, -1]]
m, A, |A|, b, k, ~k
[[24, [0, 3, 4, 5, 6, 7, 8, 22, 23, 24], 10, 191, 8, -1]]
m, A, |A|, b, k, ~k
[[25, [0, 3, 4, 5, 6, 7, 8, 23, 24, 25], 10, 199, 8, -1]]
m, A, |A|, b, k, ~k
[[26, [0, 3, 4, 5, 6, 7, 8, 24, 25, 26], 10, 233, 9, -1]]
m, A, |A|, b, k, ~k
[[27, [0, 3, 4, 5, 6, 7, 8, 25, 26, 27], 10, 242, 9, -1]]
m, A, |A|, b, k, ~k
[[28, [0, 3, 4, 5, 6, 7, 8, 26, 27, 28], 10, 279, 10, -1]]
m, A, |A|, b, k, ~k
[[29, [0, 3, 4, 5, 6, 7, 8, 27, 28, 29], 10, 289, 10, -1]]
m, A, |A|, b, k, ~k
[[30, [0, 3, 4, 5, 6, 7, 8, 28, 29, 30], 10, 329, 11, -1]]
m, A, |A|, b, k, ~k
[[31, [0, 3, 4, 5, 6, 7, 8, 29, 30, 31], 10, 307, 10, -3]]
m, A, |A|, b, k, ~k
[[32, [0, 3, 4, 5, 6, 7, 8, 30, 31, 32], 10, 383, 12, -1]]
m, A, |A|, b, k, ~k
[[33, [0, 3, 4, 5, 6, 7, 8, 31, 32, 33], 10, 395, 12, -1]]
m, A, |A|, b, k, ~k
[[34, [0, 3, 4, 5, 6, 7, 8, 32, 33, 34], 10, 441, 13, -1]]
m, A, |A|, b, k, ~k
[[35, [0, 3, 4, 5, 6, 7, 8, 33, 34, 35], 10, 454, 13, -1]]
m, A, |A|, b, k, ~k
[[36, [0, 3, 4, 5, 6, 7, 8, 34, 35, 36], 10, 503, 14, -1]]
m, A, |A|, b, k, ~k
[[37, [0, 3, 4, 5, 6, 7, 8, 35, 36, 37], 10, 517, 14, -1]]
m, A, |A|, b, k, ~k
[[38, [0, 3, 4, 5, 6, 7, 8, 36, 37, 38], 10, 569, 15, -1]]
m, A, |A|, b, k, ~k
[[39, [0, 3, 4, 5, 6, 7, 8, 37, 38, 39], 10, 584, 15, -1]]
m, A, |A|, b, k, ~k
[[40, [0, 3, 4, 5, 6, 7, 8, 38, 39, 40], 10, 639, 16, -1]]
m, A, |A|, b, k, ~k
[[41, [0, 3, 4, 5, 6, 7, 8, 39, 40, 41], 10, 612, 15, -3]]
m, A, |A|, b, k, ~k
[[42, [0, 3, 4, 5, 6, 7, 8, 40, 41, 42], 10, 713, 17, -1]]
m, A, |A|, b, k, ~k
[[43, [0, 3, 4, 5, 6, 7, 8, 41, 42, 43], 10, 730, 17, -1]]
m, A, |A|, b, k, ~k
[[44, [0, 3, 4, 5, 6, 7, 8, 42, 43, 44], 10, 791, 18, -1]]
m, A, |A|, b, k, ~k
[[45, [0, 3, 4, 5, 6, 7, 8, 43, 44, 45], 10, 809, 18, -1]]
m, A, |A|, b, k, ~k
[[46, [0, 3, 4, 5, 6, 7, 8, 44, 45, 46], 10, 873, 19, -1]]
m, A, |A|, b, k, ~k
[[47, [0, 3, 4, 5, 6, 7, 8, 45, 46, 47], 10, 892, 19, -1]]
m, A, |A|, b, k, ~k
[[48, [0, 3, 4, 5, 6, 7, 8, 46, 47, 48], 10, 959, 20, -1]]
m, A, |A|, b, k, ~k
[[49, [0, 3, 4, 5, 6, 7, 8, 47, 48, 49], 10, 979, 20, -1]]
m, A, |A|, b, k, ~k
[[50, [0, 3, 4, 5, 6, 7, 8, 48, 49, 50], 10, 1049, 21, -1]]
m, A, |A|, b, k, ~k
[[51, [0, 3, 4, 5, 6, 7, 8, 49, 50, 51], 10, 1017, 20, -3]]
