m, A, |A|, b, k, ~k
[[12, [0, 3, 4, 5, 6, 7, 8, 9, 10, 11, 12], 11, 11, 1, -1]]
m, A, |A|, b, k, ~k
[[13, [0, 3, 4, 5, 6, 7, 8, 9, 11, 12, 13], 11, 25, 2, -1]]
m, A, |A|, b, k, ~k
[[14, [0, 3, 4, 5, 6, 7, 8, 9, 12, 13, 14], 11, 27, 2, -1]]
m, A, |A|, b, k, ~k
[[15, [0, 3, 4, 5, 6, 7, 8, 9, 13, 14, 15], 11, 44, 3, -1]]
m, A, |A|, b, k, ~k
[[16, [0, 3, 4, 5, 6, 7, 8, 9, 14, 15, 16], 11, 47, 3, -1]]
m, A, |A|, b, k, ~k
[[17, [0, 3, 4, 5, 6, 7, 8, 9, 15, 16, 17], 11, 67, 4, -1]]
m, A, |A|, b, k, ~k
[[18, [0, 3, 4, 5, 6, 7, 8, 9, 16, 17, 18], 11, 71, 4, -1]]
m, A, |A|, b, k, ~k
[[19, [0, 3, 4, 5, 6, 7, 8, 9, 17, 18, 19], 11, 94, 5, -1]]
m, A, |A|, b, k, ~k
[[20, [0, 3, 4, 5, 6, 7, 8, 9, 18, 19, 20], 11, 99, 5, -1]]
m, A, |A|, b, k, ~k
[[21, [0, 3, 4, 5, 6, 7, 8, 9, 19, 20, 21], 11, 125, 6, -1]]
m, A, |A|, b, k, ~k
[[22, [0, 3, 4, 5, 6, 7, 8, 9, 20, 21, 22], 11, 131, 6, -1]]
m, A, |A|, b, k, ~k
[[23, [0, 3, 4, 5, 6, 7, 8, 9, 21, 22, 23], 11, 136, 6, -2]]
m, A, |A|, b, k, ~k
[[24, [0, 3, 4, 5, 6, 7, 8, 9, 22, 23, 24], 11, 167, 7, -1]]
m, A, |A|, b, k, ~k
[[25, [0, 3, 4, 5, 6, 7, 8, 9, 23, 24, 25], 11, 199, 8, -1]]
m, A, |A|, b, k, ~k
[[26, [0, 3, 4, 5, 6, 7, 8, 9, 24, 25, 26], 11, 207, 8, -1]]
m, A, |A|, b, k, ~k
[[27, [0, 3, 4, 5, 6, 7, 8, 9, 25, 26, 27], 11, 242, 9, -1]]
m, A, |A|, b, k, ~k
[[28, [0, 3, 4, 5, 6, 7, 8, 9, 26, 27, 28], 11, 251, 9, -1]]
m, A, |A|, b, k, ~k
[[29, [0, 3, 4, 5, 6, 7, 8, 9, 27, 28, 29], 11, 289, 10, -1]]
m, A, |A|, b, k, ~k
[[30, [0, 3, 4, 5, 6, 7, 8, 9, 28, 29, 30], 11, 299, 10, -1]]
m, A, |A|, b, k, ~k
[[31, [0, 3, 4, 5, 6, 7, 8, 9, 29, 30, 31], 11, 340, 11, -1]]
m, A, |A|, b, k, ~k
[[32, [0, 3, 4, 5, 6, 7, 8, 9, 30, 31, 32], 11, 351, 11, -1]]
m, A, |A|, b, k, ~k
[[33, [0, 3, 4, 5, 6, 7, 8, 9, 31, 32, 33], 11, 395, 12, -1]]
m, A, |A|, b, k, ~k
[[34, [0, 3, 4, 5, 6, 7, 8, 9, 32, 33, 34], 11, 371, 11, -3]]
m, A, |A|, b, k, ~k
[[35, [0, 3, 4, 5, 6, 7, 8, 9, 33, 34, 35], 11, 454, 13, -1]]
m, A, |A|, b, k, ~k
[[36, [0, 3, 4, 5, 6, 7, 8, 9, 34, 35, 36], 11, 467, 13, -1]]
m, A, |A|, b, k, ~k
[[37, [0, 3, 4, 5, 6, 7, 8, 9, 35, 36, 37], 11, 517, 14, -1]]
m, A, |A|, b, k, ~k
[[38, [0, 3, 4, 5, 6, 7, 8, 9, 36, 37, 38], 11, 531, 14, -1]]
m, A, |A|, b, k, ~k
[[39, [0, 3, 4, 5, 6, 7, 8, 9, 37, 38, 39], 11, 584, 15, -1]]
m, A, |A|, b, k, ~k
[[40, [0, 3, 4, 5, 6, 7, 8, 9, 38, 39, 40], 11, 599, 15, -1]]
m, A, |A|, b, k, ~k
[[41, [0, 3, 4, 5, 6, 7, 8, 9, 39, 40, 41], 11, 655, 16, -1]]
m, A, |A|, b, k, ~k
[[42, [0, 3, 4, 5, 6, 7, 8, 9, 40, 41, 42], 11, 671, 16, -1]]
m, A, |A|, b, k, ~k
[[43, [0, 3, 4, 5, 6, 7, 8, 9, 41, 42, 43], 11, 730, 17, -1]]
m, A, |A|, b, k, ~k
[[44, [0, 3, 4, 5, 6, 7, 8, 9, 42, 43, 44], 11, 747, 17, -1]]
m, A, |A|, b, k, ~k
[[45, [0, 3, 4, 5, 6, 7, 8, 9, 43, 44, 45], 11, 763, 17, -2]]
m, A, |A|, b, k, ~k
[[46, [0, 3, 4, 5, 6, 7, 8, 9, 44, 45, 46], 11, 827, 18, -1]]
m, A, |A|, b, k, ~k
[[47, [0, 3, 4, 5, 6, 7, 8, 9, 45, 46, 47], 11, 892, 19, -1]]
m, A, |A|, b, k, ~k
[[48, [0, 3, 4, 5, 6, 7, 8, 9, 46, 47, 48], 11, 911, 19, -1]]
m, A, |A|, b, k, ~k
[[49, [0, 3, 4, 5, 6, 7, 8, 9, 47, 48, 49], 11, 979, 20, -1]]
m, A, |A|, b, k, ~k
[[50, [0, 3, 4, 5, 6, 7, 8, 9, 48, 49, 50], 11, 999, 20, -1]]
m, A, |A|, b, k, ~k
[[51, [0, 3, 4, 5, 6, 7, 8, 9, 49, 50, 51], 11, 1070, 21, -1]]
