m, A, |A|, b, k, ~k
[[13, [0, 3, 4, 5, 6, 7, 8, 9, 10, 11, 12, 13], 12, 12, 1, -1]]
m, A, |A|, b, k, ~k
[[14, [0, 3, 4, 5, 6, 7, 8, 9, 10, 12, 13, 14], 12, 27, 2, -1]]
m, A, |A|, b, k, ~k
[[15, [0, 3, 4, 5, 6, 7, 8, 9, 10, 13, 14, 15], 12, 29, 2, -1]]
m, A, |A|, b, k, ~k
[[16, [0, 3, 4, 5, 6, 7, 8, 9, 10, 14, 15, 16], 12, 47, 3, -1]]
m, A, |A|, b, k, ~k
[[17, [0, 3, 4, 5, 6, 7, 8, 9, 10, 15, 16, 17], 12, 50, 3, -1]]
m, A, |A|, b, k, ~k
[[18, [0, 3, 4, 5, 6, 7, 8, 9, 10, 16, 17, 18], 12, 71, 4, -1]]
m, A, |A|, b, k, ~k
[[19, [0, 3, 4, 5, 6, 7, 8, 9, 10, 17, 18, 19], 12, 75, 4, -1]]
m, A, |A|, b, k, ~k
[[20, [0, 3, 4, 5, 6, 7, 8, 9, 10, 18, 19, 20], 12, 99, 5, -1]]
m, A, |A|, b, k, ~k
[[21, [0, 3, 4, 5, 6, 7, 8, 9, 10, 19, 20, 21], 12, 104, 5, -1]]
m, A, |A|, b, k, ~k
[[22, [0, 3, 4, 5, 6, 7, 8, 9, 10, 20, 21, 22], 12, 131, 6, -1]]
m, A, |A|, b, k, ~k
[[23, [0, 3, 4, 5, 6, 7, 8, 9, 10, 21, 22, 23], 12, 137, 6, -1]]
m, A, |A|, b, k, ~k
[[24, [0, 3, 4, 5, 6, 7, 8, 9, 10, 22, 23, 24], 12, 167, 7, -1]]
m, A, |A|, b, k, ~k
[[25, [0, 3, 4, 5, 6, 7, 8, 9, 10, 23, 24, 25], 12, 147, 6, -3]]
m, A, |A|, b, k, ~k
[[26, [0, 3, 4, 5, 6, 7, 8, 9, 10, 24, 25, 26], 12, 207, 8, -1]]
m, A, |A|, b, k, ~k
[[27, [0, 3, 4, 5, 6, 7, 8, 9, 10, 25, 26, 27], 12, 215, 8, -1]]
m, A, |A|, b, k, ~k
[[28, [0, 3, 4, 5, 6, 7, 8, 9, 10, 26, 27, 28], 12, 251, 9, -1]]
m, A, |A|, b, k, ~k
[[29, [0, 3, 4, 5, 6, 7, 8, 9, 10, 27, 28, 29], 12, 260, 9, -1]]
m, A, |A|, b, k, ~k
[[30, [0, 3, 4, 5, 6, 7, 8, 9, 10, 28, 29, 30], 12, 299, 10, -1]]
m, A, |A|, b, k, ~k
[[31, [0, 3, 4, 5, 6, 7, 8, 9, 10, 29, 30, 31], 12, 309, 10, -1]]
m, A, |A|, b, k, ~k
[[32, [0, 3, 4, 5, 6, 7, 8, 9, 10, 30, 31, 32], 12, 351, 11, -1]]
m, A, |A|, b, k, ~k
[[33, [0, 3, 4, 5, 6, 7, 8, 9, 10, 31, 32, 33], 12, 362, 11, -1]]
m, A, |A|, b, k, ~k
[[34, [0, 3, 4, 5, 6, 7, 8, 9, 10, 32, 33, 34], 12, 407, 12, -1]]
m, A, |A|, b, k, ~k
[[35, [0, 3, 4, 5, 6, 7, 8, 9, 10, 33, 34, 35], 12, 419, 12, -1]]
m, A, |A|, b, k, ~k
[[36, [0, 3, 4, 5, 6, 7, 8, 9, 10, 34, 35, 36], 12, 467, 13, -1]]
m, A, |A|, b, k, ~k
[[37, [0, 3, 4, 5, 6, 7, 8, 9, 10, 35, 36, 37], 12, 441, 12, -3]]
m, A, |A|, b, k, ~k
[[38, [0, 3, 4, 5, 6, 7, 8, 9, 10, 36, 37, 38], 12, 531, 14, -1]]
m, A, |A|, b, k, ~k
[[39, [0, 3, 4, 5, 6, 7, 8, 9, 10, 37, 38, 39], 12, 545, 14, -1]]
m, A, |A|, b, k, ~k
[[40, [0, 3, 4, 5, 6, 7, 8, 9, 10, 38, 39, 40], 12, 599, 15, -1]]
m, A, |A|, b, k, ~k
[[41, [0, 3, 4, 5, 6, 7, 8, 9, 10, 39, 40, 41], 12, 614, 15, -1]]
m, A, |A|, b, k, ~k
[[42, [0, 3, 4, 5, 6, 7, 8, 9, 10, 40, 41, 42], 12, 671, 16, -1]]
m, A, |A|, b, k, ~k
[[43, [0, 3, 4, 5, 6, 7, 8, 9, 10, 41, 42, 43], 12, 687, 16, -1]]
m, A, |A|, b, k, ~k
[[44, [0, 3, 4, 5, 6, 7, 8, 9, 10, 42, 43, 44], 12, 747, 17, -1]]
m, A, |A|, b, k, ~k
[[45, [0, 3, 4, 5, 6, 7, 8, 9, 10, 43, 44, 45], 12, 764, 17, -1]]
m, A, |A|, b, k, ~k
[[46, [0, 3, 4, 5, 6, 7, 8, 9, 10, 44, 45, 46], 12, 827, 18, -1]]
m, A, |A|, b, k, ~k
[[47, [0, 3, 4, 5, 6, 7, 8, 9, 10, 45, 46, 47], 12, 845, 18, -1]]
m, A, |A|, b, k, ~k
[[48, [0, 3, 4, 5, 6, 7, 8, 9, 10, 46, 47, 48], 12, 911, 19, -1]]
m, A, |A|, b, k, ~k
[[49, [0, 3, 4, 5, 6, 7, 8, 9, 10, 47, 48, 49], 12, 879, 18, -3]]
m, A, |A|, b, k, ~k
[[50, [0, 3, 4, 5, 6, 7, 8, 9, 10, 48, 49, 50], 12, 999, 20, -1]]
m, A, |A|, b, k, ~k
[[51, [0, 3, 4, 5, 6, 7, 8, 9, 10, 49, 50, 51], 12, 1019, 20, -1]]
