m, A, |A|, b, k, ~k
[[14, [0, 1, 2, 3, 4, 5, 6, 7, 8, 9, 10, 11, 12, 13, 14], 15, 15, 1, 1]]
m, A, |A|, b, k, ~k
[[15, [0, 1, 2, 3, 4, 5, 6, 7, 8, 9, 10, 12, 13, 14, 15], 15, 31, 2, 1]]
m, A, |A|, b, k, ~k
[[16, [0, 1, 2, 3, 4, 5, 6, 7, 8, 9, 10, 13, 14, 15, 16], 15, 33, 2, 1]]
m, A, |A|, b, k, ~k
[[17, [0, 1, 2, 3, 4, 5, 6, 7, 8, 9, 10, 14, 15, 16, 17], 15, 35, 2, 1]]
m, A, |A|, b, k, ~k
[[18, [0, 1, 2, 3, 4, 5, 6, 7, 8, 9, 10, 15, 16, 17, 18], 15, 55, 3, 1]]
m, A, |A|, b, k, ~k
[[19, [0, 1, 2, 3, 4, 5, 6, 7, 8, 9, 10, 16, 17, 18, 19], 15, 58, 3, 1]]
m, A, |A|, b, k, ~k
[[20, [0, 1, 2, 3, 4, 5, 6, 7, 8, 9, 10, 17, 18, 19, 20], 15, 61, 3, 1]]
m, A, |A|, b, k, ~k
[[21, [0, 1, 2, 3, 4, 5, 6, 7, 8, 9, 10, 18, 19, 20, 21], 15, 85, 4, 1]]
m, A, |A|, b, k, ~k
[[22, [0, 1, 2, 3, 4, 5, 6, 7, 8, 9, 10, 19, 20, 21, 22], 15, 89, 4, 1]]
m, A, |A|, b, k, ~k
[[23, [0, 1, 2, 3, 4, 5, 6, 7, 8, 9, 10, 20, 21, 22, 23], 15, 93, 4, 1]]
m, A, |A|, b, k, ~k
[[24, [0, 1, 2, 3, 4, 5, 6, 7, 8, 9, 10, 21, 22, 23, 24], 15, 121, 5, 1]]
m, A, |A|, b, k, ~k
[[25, [0, 1, 2, 3, 4, 5, 6, 7, 8, 9, 10, 22, 23, 24, 25], 15, 126, 5, 1]]
m, A, |A|, b, k, ~k
[[26, [0, 1, 2, 3, 4, 5, 6, 7, 8, 9, 10, 23, 24, 25, 26], 15, 131, 5, 1]]
m, A, |A|, b, k, ~k
[[27, [0, 1, 2, 3, 4, 5, 6, 7, 8, 9, 10, 24, 25, 26, 27], 15, 135, 5, 0]]
m, A, |A|, b, k, ~k
[[28, [0, 1, 2, 3, 4, 5, 6, 7, 8, 9, 10, 25, 26, 27, 28], 15, 169, 6, 1]]
m, A, |A|, b, k, ~k
[[29, [0, 1, 2, 3, 4, 5, 6, 7, 8, 9, 10, 26, 27, 28, 29], 15, 175, 6, 1]]
m, A, |A|, b, k, ~k
[[30, [0, 1, 2, 3, 4, 5, 6, 7, 8, 9, 10, 27, 28, 29, 30], 15, 211, 7, 1]]
m, A, |A|, b, k, ~k
[[31, [0, 1, 2, 3, 4, 5, 6, 7, 8, 9, 10, 28, 29, 30, 31], 15, 218, 7, 1]]
m, A, |A|, b, k, ~k
[[32, [0, 1, 2, 3, 4, 5, 6, 7, 8, 9, 10, 29, 30, 31, 32], 15, 225, 7, 1]]
m, A, |A|, b, k, ~k
[[33, [0, 1, 2, 3, 4, 5, 6, 7, 8, 9, 10, 30, 31, 32, 33], 15, 265, 8, 1]]
m, A, |A|, b, k, ~k
[[34, [0, 1, 2, 3, 4, 5, 6, 7, 8, 9, 10, 31, 32, 33, 34], 15, 273, 8, 1]]
m, A, |A|, b, k, ~k
[[35, [0, 1, 2, 3, 4, 5, 6, 7, 8, 9, 10, 32, 33, 34, 35], 15, 281, 8, 1]]
m, A, |A|, b, k, ~k
[[36, [0, 1, 2, 3, 4, 5, 6, 7, 8, 9, 10, 33, 34, 35, 36], 15, 325, 9, 1]]
m, A, |A|, b, k, ~k
[[37, [0, 1, 2, 3, 4, 5, 6, 7, 8, 9, 10, 34, 35, 36, 37], 15, 334, 9, 1]]
m, A, |A|, b, k, ~k
[[38, [0, 1, 2, 3, 4, 5, 6, 7, 8, 9, 10, 35, 36, 37, 38], 15, 343, 9, 1]]
m, A, |A|, b, k, ~k
[[39, [0, 1, 2, 3, 4, 5, 6, 7, 8, 9, 10, 36, 37, 38, 39], 15, 391, 10, 1]]
m, A, |A|, b, k, ~k
[[40, [0, 1, 2, 3, 4, 5, 6, 7, 8, 9, 10, 37, 38, 39, 40], 15, 359, 9, -1]]
m, A, |A|, b, k, ~k
[[41, [0, 1, 2, 3, 4, 5, 6, 7, 8, 9, 10, 38, 39, 40, 41], 15, 411, 10, 1]]
m, A, |A|, b, k, ~k
[[42, [0, 1, 2, 3, 4, 5, 6, 7, 8, 9, 10, 39, 40, 41, 42], 15, 463, 11, 1]]
m, A, |A|, b, k, ~k
[[43, [0, 1, 2, 3, 4, 5, 6, 7, 8, 9, 10, 40, 41, 42, 43], 15, 474, 11, 1]]
m, A, |A|, b, k, ~k
[[44, [0, 1, 2, 3, 4, 5, 6, 7, 8, 9, 10, 41, 42, 43, 44], 15, 485, 11, 1]]
m, A, |A|, b, k, ~k
[[45, [0, 1, 2, 3, 4, 5, 6, 7, 8, 9, 10, 42, 43, 44, 45], 15, 541, 12, 1]]
m, A, |A|, b, k, ~k
[[46, [0, 1, 2, 3, 4, 5, 6, 7, 8, 9, 10, 43, 44, 45, 46], 15, 553, 12, 1]]
m, A, |A|, b, k, ~k
[[47, [0, 1, 2, 3, 4, 5, 6, 7, 8, 9, 10, 44, 45, 46, 47], 15, 565, 12, 1]]
m, A, |A|, b, k, ~k
[[48, [0, 1, 2, 3, 4, 5, 6, 7, 8, 9, 10, 45, 46, 47, 48], 15, 625, 13, 1]]
m, A, |A|, b, k, ~k
[[49, [0, 1, 2, 3, 4, 5, 6, 7, 8, 9, 10, 46, 47, 48, 49], 15, 638, 13, 1]]
m, A, |A|, b, k, ~k
[[50, [0, 1, 2, 3, 4, 5, 6, 7, 8, 9, 10, 47, 48, 49, 50], 15, 651, 13, 1]]
m, A, |A|, b, k, ~k
[[51, [0, 1, 2, 3, 4, 5, 6, 7, 8, 9, 10, 48, 49, 50, 51], 15, 715, 14, 1]]
m, A, |A|, b, k, ~k
[[52, [0, 1, 2, 3, 4, 5, 6, 7, 8, 9, 10, 49, 50, 51, 52], 15, 729, 14, 1]]
m, A, |A|, b, k, ~k
[[53, [0, 1, 2, 3, 4, 5, 6, 7, 8, 9, 10, 50, 51, 52, 53], 15, 687, 13, -2]]
m, A, |A|, b, k, ~k
[[54, [0, 1, 2, 3, 4, 5, 6, 7, 8, 9, 10, 51, 52, 53, 54], 15, 811, 15, 1]]
m, A, |A|, b, k, ~k
[[55, [0, 1, 2, 3, 4, 5, 6, 7, 8, 9, 10, 52, 53, 54, 55], 15, 826, 15, 1]]
m, A, |A|, b, k, ~k
[[56, [0, 1, 2, 3, 4, 5, 6, 7, 8, 9, 10, 53, 54, 55, 56], 15, 841, 15, 1]]
m, A, |A|, b, k, ~k
[[57, [0, 1, 2, 3, 4, 5, 6, 7, 8, 9, 10, 54, 55, 56, 57], 15, 913, 16, 1]]
m, A, |A|, b, k, ~k
[[58, [0, 1, 2, 3, 4, 5, 6, 7, 8, 9, 10, 55, 56, 57, 58], 15, 929, 16, 1]]
m, A, |A|, b, k, ~k
[[59, [0, 1, 2, 3, 4, 5, 6, 7, 8, 9, 10, 56, 57, 58, 59], 15, 945, 16, 1]]
m, A, |A|, b, k, ~k
[[60, [0, 1, 2, 3, 4, 5, 6, 7, 8, 9, 10, 57, 58, 59, 60], 15, 1021, 17, 1]]
m, A, |A|, b, k, ~k
[[61, [0, 1, 2, 3, 4, 5, 6, 7, 8, 9, 10, 58, 59, 60, 61], 15, 1038, 17, 1]]
m, A, |A|, b, k, ~k
[[62, [0, 1, 2, 3, 4, 5, 6, 7, 8, 9, 10, 59, 60, 61, 62], 15, 1055, 17, 1]]
m, A, |A|, b, k, ~k
[[63, [0, 1, 2, 3, 4, 5, 6, 7, 8, 9, 10, 60, 61, 62, 63], 15, 1135, 18, 1]]
m, A, |A|, b, k, ~k
[[64, [0, 1, 2, 3, 4, 5, 6, 7, 8, 9, 10, 61, 62, 63, 64], 15, 1153, 18, 1]]
m, A, |A|, b, k, ~k
[[65, [0, 1, 2, 3, 4, 5, 6, 7, 8, 9, 10, 62, 63, 64, 65], 15, 1171, 18, 1]]
m, A, |A|, b, k, ~k
[[66, [0, 1, 2, 3, 4, 5, 6, 7, 8, 9, 10, 63, 64, 65, 66], 15, 1188, 18, 0]]
m, A, |A|, b, k, ~k
[[67, [0, 1, 2, 3, 4, 5, 6, 7, 8, 9, 10, 64, 65, 66, 67], 15, 1274, 19, 1]]
m, A, |A|, b, k, ~k
[[68, [0, 1, 2, 3, 4, 5, 6, 7, 8, 9, 10, 65, 66, 67, 68], 15, 1293, 19, 1]]
m, A, |A|, b, k, ~k
[[69, [0, 1, 2, 3, 4, 5, 6, 7, 8, 9, 10, 66, 67, 68, 69], 15, 1381, 20, 1]]
m, A, |A|, b, k, ~k
[[70, [0, 1, 2, 3, 4, 5, 6, 7, 8, 9, 10, 67, 68, 69, 70], 15, 1401, 20, 1]]
m, A, |A|, b, k, ~k
[[71, [0, 1, 2, 3, 4, 5, 6, 7, 8, 9, 10, 68, 69, 70, 71], 15, 1421, 20, 1]]
m, A, |A|, b, k, ~k
[[72, [0, 1, 2, 3, 4, 5, 6, 7, 8, 9, 10, 69, 70, 71, 72], 15, 1513, 21, 1]]
