m, A, |A|, b, k, ~k
[[15, [0, 1, 2, 3, 4, 5, 6, 7, 8, 9, 10, 11, 12, 13, 14, 15], 16, 16, 1, 1]]
m, A, |A|, b, k, ~k
[[16, [0, 1, 2, 3, 4, 5, 6, 7, 8, 9, 10, 11, 13, 14, 15, 16], 16, 33, 2, 1]]
m, A, |A|, b, k, ~k
[[17, [0, 1, 2, 3, 4, 5, 6, 7, 8, 9, 10, 11, 14, 15, 16, 17], 16, 35, 2, 1]]
m, A, |A|, b, k, ~k
[[18, [0, 1, 2, 3, 4, 5, 6, 7, 8, 9, 10, 11, 15, 16, 17, 18], 16, 37, 2, 1]]
m, A, |A|, b, k, ~k
[[19, [0, 1, 2, 3, 4, 5, 6, 7, 8, 9, 10, 11, 16, 17, 18, 19], 16, 58, 3, 1]]
m, A, |A|, b, k, ~k
[[20, [0, 1, 2, 3, 4, 5, 6, 7, 8, 9, 10, 11, 17, 18, 19, 20], 16, 61, 3, 1]]
m, A, |A|, b, k, ~k
[[21, [0, 1, 2, 3, 4, 5, 6, 7, 8, 9, 10, 11, 18, 19, 20, 21], 16, 64, 3, 1]]
m, A, |A|, b, k, ~k
[[22, [0, 1, 2, 3, 4, 5, 6, 7, 8, 9, 10, 11, 19, 20, 21, 22], 16, 89, 4, 1]]
m, A, |A|, b, k, ~k
[[23, [0, 1, 2, 3, 4, 5, 6, 7, 8, 9, 10, 11, 20, 21, 22, 23], 16, 93, 4, 1]]
m, A, |A|, b, k, ~k
[[24, [0, 1, 2, 3, 4, 5, 6, 7, 8, 9, 10, 11, 21, 22, 23, 24], 16, 97, 4, 1]]
m, A, |A|, b, k, ~k
[[25, [0, 1, 2, 3, 4, 5, 6, 7, 8, 9, 10, 11, 22, 23, 24, 25], 16, 126, 5, 1]]
m, A, |A|, b, k, ~k
[[26, [0, 1, 2, 3, 4, 5, 6, 7, 8, 9, 10, 11, 23, 24, 25, 26], 16, 131, 5, 1]]
m, A, |A|, b, k, ~k
[[27, [0, 1, 2, 3, 4, 5, 6, 7, 8, 9, 10, 11, 24, 25, 26, 27], 16, 136, 5, 1]]
m, A, |A|, b, k, ~k
[[28, [0, 1, 2, 3, 4, 5, 6, 7, 8, 9, 10, 11, 25, 26, 27, 28], 16, 169, 6, 1]]
m, A, |A|, b, k, ~k
[[29, [0, 1, 2, 3, 4, 5, 6, 7, 8, 9, 10, 11, 26, 27, 28, 29], 16, 144, 5, -1]]
m, A, |A|, b, k, ~k
[[30, [0, 1, 2, 3, 4, 5, 6, 7, 8, 9, 10, 11, 27, 28, 29, 30], 16, 181, 6, 1]]
m, A, |A|, b, k, ~k
[[31, [0, 1, 2, 3, 4, 5, 6, 7, 8, 9, 10, 11, 28, 29, 30, 31], 16, 218, 7, 1]]
m, A, |A|, b, k, ~k
[[32, [0, 1, 2, 3, 4, 5, 6, 7, 8, 9, 10, 11, 29, 30, 31, 32], 16, 225, 7, 1]]
m, A, |A|, b, k, ~k
[[33, [0, 1, 2, 3, 4, 5, 6, 7, 8, 9, 10, 11, 30, 31, 32, 33], 16, 232, 7, 1]]
m, A, |A|, b, k, ~k
[[34, [0, 1, 2, 3, 4, 5, 6, 7, 8, 9, 10, 11, 31, 32, 33, 34], 16, 273, 8, 1]]
m, A, |A|, b, k, ~k
[[35, [0, 1, 2, 3, 4, 5, 6, 7, 8, 9, 10, 11, 32, 33, 34, 35], 16, 281, 8, 1]]
m, A, |A|, b, k, ~k
[[36, [0, 1, 2, 3, 4, 5, 6, 7, 8, 9, 10, 11, 33, 34, 35, 36], 16, 289, 8, 1]]
m, A, |A|, b, k, ~k
[[37, [0, 1, 2, 3, 4, 5, 6, 7, 8, 9, 10, 11, 34, 35, 36, 37], 16, 334, 9, 1]]
m, A, |A|, b, k, ~k
[[38, [0, 1, 2, 3, 4, 5, 6, 7, 8, 9, 10, 11, 35, 36, 37, 38], 16, 343, 9, 1]]
m, A, |A|, b, k, ~k
[[39, [0, 1, 2, 3, 4, 5, 6, 7, 8, 9, 10, 11, 36, 37, 38, 39], 16, 352, 9, 1]]
m, A, |A|, b, k, ~k
[[40, [0, 1, 2, 3, 4, 5, 6, 7, 8, 9, 10, 11, 37, 38, 39, 40], 16, 401, 10, 1]]
m, A, |A|, b, k, ~k
[[41, [0, 1, 2, 3, 4, 5, 6, 7, 8, 9, 10, 11, 38, 39, 40, 41], 16, 411, 10, 1]]
m, A, |A|, b, k, ~k
[[42, [0, 1, 2, 3, 4, 5, 6, 7, 8, 9, 10, 11, 39, 40, 41, 42], 16, 421, 10, 1]]
m, A, |A|, b, k, ~k
[[43, [0, 1, 2, 3, 4, 5, 6, 7, 8, 9, 10, 11, 40, 41, 42, 43], 16, 430, 10, 0]]
m, A, |A|, b, k, ~k
[[44, [0, 1, 2, 3, 4, 5, 6, 7, 8, 9, 10, 11, 41, 42, 43, 44], 16, 485, 11, 1]]
m, A, |A|, b, k, ~k
[[45, [0, 1, 2, 3, 4, 5, 6, 7, 8, 9, 10, 11, 42, 43, 44, 45], 16, 496, 11, 1]]
m, A, |A|, b, k, ~k
[[46, [0, 1, 2, 3, 4, 5, 6, 7, 8, 9, 10, 11, 43, 44, 45, 46], 16, 553, 12, 1]]
m, A, |A|, b, k, ~k
[[47, [0, 1, 2, 3, 4, 5, 6, 7, 8, 9, 10, 11, 44, 45, 46, 47], 16, 565, 12, 1]]
m, A, |A|, b, k, ~k
[[48, [0, 1, 2, 3, 4, 5, 6, 7, 8, 9, 10, 11, 45, 46, 47, 48], 16, 577, 12, 1]]
m, A, |A|, b, k, ~k
[[49, [0, 1, 2, 3, 4, 5, 6, 7, 8, 9, 10, 11, 46, 47, 48, 49], 16, 638, 13, 1]]
m, A, |A|, b, k, ~k
[[50, [0, 1, 2, 3, 4, 5, 6, 7, 8, 9, 10, 11, 47, 48, 49, 50], 16, 651, 13, 1]]
m, A, |A|, b, k, ~k
[[51, [0, 1, 2, 3, 4, 5, 6, 7, 8, 9, 10, 11, 48, 49, 50, 51], 16, 664, 13, 1]]
m, A, |A|, b, k, ~k
[[52, [0, 1, 2, 3, 4, 5, 6, 7, 8, 9, 10, 11, 49, 50, 51, 52], 16, 729, 14, 1]]
m, A, |A|, b, k, ~k
[[53, [0, 1, 2, 3, 4, 5, 6, 7, 8, 9, 10, 11, 50, 51, 52, 53], 16, 743, 14, 1]]
m, A, |A|, b, k, ~k
[[54, [0, 1, 2, 3, 4, 5, 6, 7, 8, 9, 10, 11, 51, 52, 53, 54], 16, 757, 14, 1]]
m, A, |A|, b, k, ~k
[[55, [0, 1, 2, 3, 4, 5, 6, 7, 8, 9, 10, 11, 52, 53, 54, 55], 16, 826, 15, 1]]
m, A, |A|, b, k, ~k
[[56, [0, 1, 2, 3, 4, 5, 6, 7, 8, 9, 10, 11, 53, 54, 55, 56], 16, 841, 15, 1]]
m, A, |A|, b, k, ~k
[[57, [0, 1, 2, 3, 4, 5, 6, 7, 8, 9, 10, 11, 54, 55, 56, 57], 16, 796, 14, -2]]
m, A, |A|, b, k, ~k
[[58, [0, 1, 2, 3, 4, 5, 6, 7, 8, 9, 10, 11, 55, 56, 57, 58], 16, 929, 16, 1]]
m, A, |A|, b, k, ~k
[[59, [0, 1, 2, 3, 4, 5, 6, 7, 8, 9, 10, 11, 56, 57, 58, 59], 16, 945, 16, 1]]
m, A, |A|, b, k, ~k
[[60, [0, 1, 2, 3, 4, 5, 6, 7, 8, 9, 10, 11, 57, 58, 59, 60], 16, 961, 16, 1]]
m, A, |A|, b, k, ~k
[[61, [0, 1, 2, 3, 4, 5, 6, 7, 8, 9, 10, 11, 58, 59, 60, 61], 16, 1038, 17, 1]]
m, A, |A|, b, k, ~k
[[62, [0, 1, 2, 3, 4, 5, 6, 7, 8, 9, 10, 11, 59, 60, 61, 62], 16, 1055, 17, 1]]
m, A, |A|, b, k, ~k
[[63, [0, 1, 2, 3, 4, 5, 6, 7, 8, 9, 10, 11, 60, 61, 62, 63], 16, 1072, 17, 1]]
m, A, |A|, b, k, ~k
[[64, [0, 1, 2, 3, 4, 5, 6, 7, 8, 9, 10, 11, 61, 62, 63, 64], 16, 1153, 18, 1]]
m, A, |A|, b, k, ~k
[[65, [0, 1, 2, 3, 4, 5, 6, 7, 8, 9, 10, 11, 62, 63, 64, 65], 16, 1171, 18, 1]]
m, A, |A|, b, k, ~k
[[66, [0, 1, 2, 3, 4, 5, 6, 7, 8, 9, 10, 11, 63, 64, 65, 66], 16, 1189, 18, 1]]
m, A, |A|, b, k, ~k
[[67, [0, 1, 2, 3, 4, 5, 6, 7, 8, 9, 10, 11, 64, 65, 66, 67], 16, 1274, 19, 1]]
m, A, |A|, b, k, ~k
[[68, [0, 1, 2, 3, 4, 5, 6, 7, 8, 9, 10, 11, 65, 66, 67, 68], 16, 1293, 19, 1]]
m, A, |A|, b, k, ~k
[[69, [0, 1, 2, 3, 4, 5, 6, 7, 8, 9, 10, 11, 66, 67, 68, 69], 16, 1312, 19, 1]]
m, A, |A|, b, k, ~k
[[70, [0, 1, 2, 3, 4, 5, 6, 7, 8, 9, 10, 11, 67, 68, 69, 70], 16, 1401, 20, 1]]
m, A, |A|, b, k, ~k
[[71, [0, 1, 2, 3, 4, 5, 6, 7, 8, 9, 10, 11, 68, 69, 70, 71], 16, 1348, 19, -1]]
m, A, |A|, b, k, ~k
[[72, [0, 1, 2, 3, 4, 5, 6, 7, 8, 9, 10, 11, 69, 70, 71, 72], 16, 1441, 20, 1]]
