m, A, |A|, b, k, ~k
[[16, [0, 1, 2, 3, 4, 5, 6, 7, 8, 9, 10, 11, 12, 13, 14, 15, 16], 17, 17, 1, 1]]
m, A, |A|, b, k, ~k
[[17, [0, 1, 2, 3, 4, 5, 6, 7, 8, 9, 10, 11, 12, 14, 15, 16, 17], 17, 35, 2, 1]]
m, A, |A|, b, k, ~k
[[18, [0, 1, 2, 3, 4, 5, 6, 7, 8, 9, 10, 11, 12, 15, 16, 17, 18], 17, 37, 2, 1]]
m, A, |A|, b, k, ~k
[[19, [0, 1, 2, 3, 4, 5, 6, 7, 8, 9, 10, 11, 12, 16, 17, 18, 19], 17, 39, 2, 1]]
m, A, |A|, b, k, ~k
[[20, [0, 1, 2, 3, 4, 5, 6, 7, 8, 9, 10, 11, 12, 17, 18, 19, 20], 17, 61, 3, 1]]
m, A, |A|, b, k, ~k
[[21, [0, 1, 2, 3, 4, 5, 6, 7, 8, 9, 10, 11, 12, 18, 19, 20, 21], 17, 64, 3, 1]]
m, A, |A|, b, k, ~k
[[22, [0, 1, 2, 3, 4, 5, 6, 7, 8, 9, 10, 11, 12, 19, 20, 21, 22], 17, 67, 3, 1]]
m, A, |A|, b, k, ~k
[[23, [0, 1, 2, 3, 4, 5, 6, 7, 8, 9, 10, 11, 12, 20, 21, 22, 23], 17, 93, 4, 1]]
m, A, |A|, b, k, ~k
[[24, [0, 1, 2, 3, 4, 5, 6, 7, 8, 9, 10, 11, 12, 21, 22, 23, 24], 17, 97, 4, 1]]
m, A, |A|, b, k, ~k
[[25, [0, 1, 2, 3, 4, 5, 6, 7, 8, 9, 10, 11, 12, 22, 23, 24, 25], 17, 101, 4, 1]]
m, A, |A|, b, k, ~k
[[26, [0, 1, 2, 3, 4, 5, 6, 7, 8, 9, 10, 11, 12, 23, 24, 25, 26], 17, 131, 5, 1]]
m, A, |A|, b, k, ~k
[[27, [0, 1, 2, 3, 4, 5, 6, 7, 8, 9, 10, 11, 12, 24, 25, 26, 27], 17, 136, 5, 1]]
m, A, |A|, b, k, ~k
[[28, [0, 1, 2, 3, 4, 5, 6, 7, 8, 9, 10, 11, 12, 25, 26, 27, 28], 17, 141, 5, 1]]
m, A, |A|, b, k, ~k
[[29, [0, 1, 2, 3, 4, 5, 6, 7, 8, 9, 10, 11, 12, 26, 27, 28, 29], 17, 175, 6, 1]]
m, A, |A|, b, k, ~k
[[30, [0, 1, 2, 3, 4, 5, 6, 7, 8, 9, 10, 11, 12, 27, 28, 29, 30], 17, 181, 6, 1]]
m, A, |A|, b, k, ~k
[[31, [0, 1, 2, 3, 4, 5, 6, 7, 8, 9, 10, 11, 12, 28, 29, 30, 31], 17, 153, 5, -2]]
m, A, |A|, b, k, ~k
[[32, [0, 1, 2, 3, 4, 5, 6, 7, 8, 9, 10, 11, 12, 29, 30, 31, 32], 17, 225, 7, 1]]
m, A, |A|, b, k, ~k
[[33, [0, 1, 2, 3, 4, 5, 6, 7, 8, 9, 10, 11, 12, 30, 31, 32, 33], 17, 232, 7, 1]]
m, A, |A|, b, k, ~k
[[34, [0, 1, 2, 3, 4, 5, 6, 7, 8, 9, 10, 11, 12, 31, 32, 33, 34], 17, 239, 7, 1]]
m, A, |A|, b, k, ~k
[[35, [0, 1, 2, 3, 4, 5, 6, 7, 8, 9, 10, 11, 12, 32, 33, 34, 35], 17, 281, 8, 1]]
m, A, |A|, b, k, ~k
[[36, [0, 1, 2, 3, 4, 5, 6, 7, 8, 9, 10, 11, 12, 33, 34, 35, 36], 17, 289, 8, 1]]
m, A, |A|, b, k, ~k
[[37, [0, 1, 2, 3, 4, 5, 6, 7, 8, 9, 10, 11, 12, 34, 35, 36, 37], 17, 297, 8, 1]]
m, A, |A|, b, k, ~k
[[38, [0, 1, 2, 3, 4, 5, 6, 7, 8, 9, 10, 11, 12, 35, 36, 37, 38], 17, 343, 9, 1]]
m, A, |A|, b, k, ~k
[[39, [0, 1, 2, 3, 4, 5, 6, 7, 8, 9, 10, 11, 12, 36, 37, 38, 39], 17, 352, 9, 1]]
m, A, |A|, b, k, ~k
[[40, [0, 1, 2, 3, 4, 5, 6, 7, 8, 9, 10, 11, 12, 37, 38, 39, 40], 17, 361, 9, 1]]
m, A, |A|, b, k, ~k
[[41, [0, 1, 2, 3, 4, 5, 6, 7, 8, 9, 10, 11, 12, 38, 39, 40, 41], 17, 411, 10, 1]]
m, A, |A|, b, k, ~k
[[42, [0, 1, 2, 3, 4, 5, 6, 7, 8, 9, 10, 11, 12, 39, 40, 41, 42], 17, 421, 10, 1]]
m, A, |A|, b, k, ~k
[[43, [0, 1, 2, 3, 4, 5, 6, 7, 8, 9, 10, 11, 12, 40, 41, 42, 43], 17, 431, 10, 1]]
m, A, |A|, b, k, ~k
[[44, [0, 1, 2, 3, 4, 5, 6, 7, 8, 9, 10, 11, 12, 41, 42, 43, 44], 17, 485, 11, 1]]
m, A, |A|, b, k, ~k
[[45, [0, 1, 2, 3, 4, 5, 6, 7, 8, 9, 10, 11, 12, 42, 43, 44, 45], 17, 496, 11, 1]]
m, A, |A|, b, k, ~k
[[46, [0, 1, 2, 3, 4, 5, 6, 7, 8, 9, 10, 11, 12, 43, 44, 45, 46], 17, 458, 10, -2]]
m, A, |A|, b, k, ~k
[[47, [0, 1, 2, 3, 4, 5, 6, 7, 8, 9, 10, 11, 12, 44, 45, 46, 47], 17, 565, 12, 1]]
m, A, |A|, b, k, ~k
[[48, [0, 1, 2, 3, 4, 5, 6, 7, 8, 9, 10, 11, 12, 45, 46, 47, 48], 17, 577, 12, 1]]
m, A, |A|, b, k, ~k
[[49, [0, 1, 2, 3, 4, 5, 6, 7, 8, 9, 10, 11, 12, 46, 47, 48, 49], 17, 589, 12, 1]]
m, A, |A|, b, k, ~k
[[50, [0, 1, 2, 3, 4, 5, 6, 7, 8, 9, 10, 11, 12, 47, 48, 49, 50], 17, 651, 13, 1]]
m, A, |A|, b, k, ~k
[[51, [0, 1, 2, 3, 4, 5, 6, 7, 8, 9, 10, 11, 12, 48, 49, 50, 51], 17, 664, 13, 1]]
m, A, |A|, b, k, ~k
[[52, [0, 1, 2, 3, 4, 5, 6, 7, 8, 9, 10, 11, 12, 49, 50, 51, 52], 17, 677, 13, 1]]
m, A, |A|, b, k, ~k
[[53, [0, 1, 2, 3, 4, 5, 6, 7, 8, 9, 10, 11, 12, 50, 51, 52, 53], 17, 743, 14, 1]]
m, A, |A|, b, k, ~k
[[54, [0, 1, 2, 3, 4, 5, 6, 7, 8, 9, 10, 11, 12, 51, 52, 53, 54], 17, 757, 14, 1]]
m, A, |A|, b, k, ~k
[[55, [0, 1, 2, 3, 4, 5, 6, 7, 8, 9, 10, 11, 12, 52, 53, 54, 55], 17, 771, 14, 1]]
m, A, |A|, b, k, ~k
[[56, [0, 1, 2, 3, 4, 5, 6, 7, 8, 9, 10, 11, 12, 53, 54, 55, 56], 17, 841, 15, 1]]
m, A, |A|, b, k, ~k
[[57, [0, 1, 2, 3, 4, 5, 6, 7, 8, 9, 10, 11, 12, 54, 55, 56, 57], 17, 856, 15, 1]]
m, A, |A|, b, k, ~k
[[58, [0, 1, 2, 3, 4, 5, 6, 7, 8, 9, 10, 11, 12, 55, 56, 57, 58], 17, 871, 15, 1]]
m, A, |A|, b, k, ~k
[[59, [0, 1, 2, 3, 4, 5, 6, 7, 8, 9, 10, 11, 12, 56, 57, 58, 59], 17, 945, 16, 1]]
m, A, |A|, b, k, ~k
[[60, [0, 1, 2, 3, 4, 5, 6, 7, 8, 9, 10, 11, 12, 57, 58, 59, 60], 17, 961, 16, 1]]
m, A, |A|, b, k, ~k
[[61, [0, 1, 2, 3, 4, 5, 6, 7, 8, 9, 10, 11, 12, 58, 59, 60, 61], 17, 913, 15, -2]]
m, A, |A|, b, k, ~k
[[62, [0, 1, 2, 3, 4, 5, 6, 7, 8, 9, 10, 11, 12, 59, 60, 61, 62], 17, 1055, 17, 1]]
m, A, |A|, b, k, ~k
[[63, [0, 1, 2, 3, 4, 5, 6, 7, 8, 9, 10, 11, 12, 60, 61, 62, 63], 17, 1072, 17, 1]]
m, A, |A|, b, k, ~k
[[64, [0, 1, 2, 3, 4, 5, 6, 7, 8, 9, 10, 11, 12, 61, 62, 63, 64], 17, 1089, 17, 1]]
m, A, |A|, b, k, ~k
[[65, [0, 1, 2, 3, 4, 5, 6, 7, 8, 9, 10, 11, 12, 62, 63, 64, 65], 17, 1171, 18, 1]]
m, A, |A|, b, k, ~k
[[66, [0, 1, 2, 3, 4, 5, 6, 7, 8, 9, 10, 11, 12, 63, 64, 65, 66], 17, 1189, 18, 1]]
m, A, |A|, b, k, ~k
[[67, [0, 1, 2, 3, 4, 5, 6, 7, 8, 9, 10, 11, 12, 64, 65, 66, 67], 17, 1207, 18, 1]]
m, A, |A|, b, k, ~k
[[68, [0, 1, 2, 3, 4, 5, 6, 7, 8, 9, 10, 11, 12, 65, 66, 67, 68], 17, 1293, 19, 1]]
m, A, |A|, b, k, ~k
[[69, [0, 1, 2, 3, 4, 5, 6, 7, 8, 9, 10, 11, 12, 66, 67, 68, 69], 17, 1312, 19, 1]]
m, A, |A|, b, k, ~k
[[70, [0, 1, 2, 3, 4, 5, 6, 7, 8, 9, 10, 11, 12, 67, 68, 69, 70], 17, 1331, 19, 1]]
m, A, |A|, b, k, ~k
[[71, [0, 1, 2, 3, 4, 5, 6, 7, 8, 9, 10, 11, 12, 68, 69, 70, 71], 17, 1421, 20, 1]]
m, A, |A|, b, k, ~k
[[72, [0, 1, 2, 3, 4, 5, 6, 7, 8, 9, 10, 11, 12, 69, 70, 71, 72], 17, 1441, 20, 1]]
