m, A, |A|, b, k, ~k
[[8, [0, 1, 2, 3, 4, 5, 6, 7, 8], 9, 9, 1, 1]]
m, A, |A|, b, k, ~k
[[9, [0, 1, 2, 3, 4, 6, 7, 8, 9], 9, 19, 2, 1]]
m, A, |A|, b, k, ~k
[[10, [0, 1, 2, 3, 4, 7, 8, 9, 10], 9, 21, 2, 1]]
m, A, |A|, b, k, ~k
[[11, [0, 1, 2, 3, 4, 8, 9, 10, 11], 9, 23, 2, 1]]
m, A, |A|, b, k, ~k
[[12, [0, 1, 2, 3, 4, 9, 10, 11, 12], 9, 37, 3, 1]]
m, A, |A|, b, k, ~k
[[13, [0, 1, 2, 3, 4, 10, 11, 12, 13], 9, 40, 3, 1]]
m, A, |A|, b, k, ~k
[[14, [0, 1, 2, 3, 4, 11, 12, 13, 14], 9, 43, 3, 1]]
m, A, |A|, b, k, ~k
[[15, [0, 1, 2, 3, 4, 12, 13, 14, 15], 9, 45, 3, 0]]
m, A, |A|, b, k, ~k
[[16, [0, 1, 2, 3, 4, 13, 14, 15, 16], 9, 65, 4, 1]]
m, A, |A|, b, k, ~k
[[17, [0, 1, 2, 3, 4, 14, 15, 16, 17], 9, 69, 4, 1]]
m, A, |A|, b, k, ~k
[[18, [0, 1, 2, 3, 4, 15, 16, 17, 18], 9, 91, 5, 1]]
m, A, |A|, b, k, ~k
[[19, [0, 1, 2, 3, 4, 16, 17, 18, 19], 9, 96, 5, 1]]
m, A, |A|, b, k, ~k
[[20, [0, 1, 2, 3, 4, 17, 18, 19, 20], 9, 101, 5, 1]]
m, A, |A|, b, k, ~k
[[21, [0, 1, 2, 3, 4, 18, 19, 20, 21], 9, 127, 6, 1]]
m, A, |A|, b, k, ~k
[[22, [0, 1, 2, 3, 4, 19, 20, 21, 22], 9, 108, 5, -2]]
m, A, |A|, b, k, ~k
[[23, [0, 1, 2, 3, 4, 20, 21, 22, 23], 9, 139, 6, 1]]
m, A, |A|, b, k, ~k
[[24, [0, 1, 2, 3, 4, 21, 22, 23, 24], 9, 169, 7, 1]]
m, A, |A|, b, k, ~k
[[25, [0, 1, 2, 3, 4, 22, 23, 24, 25], 9, 176, 7, 1]]
m, A, |A|, b, k, ~k
[[26, [0, 1, 2, 3, 4, 23, 24, 25, 26], 9, 183, 7, 1]]
m, A, |A|, b, k, ~k
[[27, [0, 1, 2, 3, 4, 24, 25, 26, 27], 9, 217, 8, 1]]
m, A, |A|, b, k, ~k
[[28, [0, 1, 2, 3, 4, 25, 26, 27, 28], 9, 225, 8, 1]]
m, A, |A|, b, k, ~k
[[29, [0, 1, 2, 3, 4, 26, 27, 28, 29], 9, 198, 7, -5]]
m, A, |A|, b, k, ~k
[[30, [0, 1, 2, 3, 4, 27, 28, 29, 30], 9, 271, 9, 1]]
m, A, |A|, b, k, ~k
[[31, [0, 1, 2, 3, 4, 28, 29, 30, 31], 9, 280, 9, 1]]
m, A, |A|, b, k, ~k
[[32, [0, 1, 2, 3, 4, 29, 30, 31, 32], 9, 289, 9, 1]]
m, A, |A|, b, k, ~k
[[33, [0, 1, 2, 3, 4, 30, 31, 32, 33], 9, 331, 10, 1]]
m, A, |A|, b, k, ~k
[[34, [0, 1, 2, 3, 4, 31, 32, 33, 34], 9, 341, 10, 1]]
m, A, |A|, b, k, ~k
[[35, [0, 1, 2, 3, 4, 32, 33, 34, 35], 9, 351, 10, 1]]
m, A, |A|, b, k, ~k
[[36, [0, 1, 2, 3, 4, 33, 34, 35, 36], 9, 360, 10, 0]]
m, A, |A|, b, k, ~k
[[37, [0, 1, 2, 3, 4, 34, 35, 36, 37], 9, 408, 11, 1]]
m, A, |A|, b, k, ~k
[[38, [0, 1, 2, 3, 4, 35, 36, 37, 38], 9, 419, 11, 1]]
m, A, |A|, b, k, ~k
[[39, [0, 1, 2, 3, 4, 36, 37, 38, 39], 9, 469, 12, 1]]
m, A, |A|, b, k, ~k
[[40, [0, 1, 2, 3, 4, 37, 38, 39, 40], 9, 481, 12, 1]]
m, A, |A|, b, k, ~k
[[41, [0, 1, 2, 3, 4, 38, 39, 40, 41], 9, 493, 12, 1]]
m, A, |A|, b, k, ~k
[[42, [0, 1, 2, 3, 4, 39, 40, 41, 42], 9, 547, 13, 1]]
m, A, |A|, b, k, ~k
[[43, [0, 1, 2, 3, 4, 40, 41, 42, 43], 9, 514, 12, -2]]
m, A, |A|, b, k, ~k
[[44, [0, 1, 2, 3, 4, 41, 42, 43, 44], 9, 573, 13, 1]]
m, A, |A|, b, k, ~k
[[45, [0, 1, 2, 3, 4, 42, 43, 44, 45], 9, 631, 14, 1]]
m, A, |A|, b, k, ~k
[[46, [0, 1, 2, 3, 4, 43, 44, 45, 46], 9, 645, 14, 1]]
m, A, |A|, b, k, ~k
[[47, [0, 1, 2, 3, 4, 44, 45, 46, 47], 9, 659, 14, 1]]
m, A, |A|, b, k, ~k
[[48, [0, 1, 2, 3, 4, 45, 46, 47, 48], 9, 721, 15, 1]]
m, A, |A|, b, k, ~k
[[49, [0, 1, 2, 3, 4, 46, 47, 48, 49], 9, 736, 15, 1]]
m, A, |A|, b, k, ~k
[[50, [0, 1, 2, 3, 4, 47, 48, 49, 50], 9, 695, 14, -5]]
m, A, |A|, b, k, ~k
[[51, [0, 1, 2, 3, 4, 48, 49, 50, 51], 9, 817, 16, 1]]
m, A, |A|, b, k, ~k
[[52, [0, 1, 2, 3, 4, 49, 50, 51, 52], 9, 833, 16, 1]]
