m, A, |A|, b, k, ~k
[[8, [0, 1, 2, 3, 4, 5, 6, 7, 8], 9, 9, 1, 1]]
m, A, |A|, b, k, ~k
[[9, [0, 1, 2, 3, 4, 5, 7, 8, 9], 9, 19, 2, 1]]
m, A, |A|, b, k, ~k
[[10, [0, 1, 2, 3, 4, 5, 8, 9, 10], 9, 21, 2, 1]]
m, A, |A|, b, k, ~k
[[11, [0, 1, 2, 3, 4, 5, 9, 10, 11], 9, 34, 3, 1]]
m, A, |A|, b, k, ~k
[[12, [0, 1, 2, 3, 4, 5, 10, 11, 12], 9, 37, 3, 1]]
m, A, |A|, b, k, ~k
[[13, [0, 1, 2, 3, 4, 5, 11, 12, 13], 9, 53, 4, 1]]
m, A, |A|, b, k, ~k
[[14, [0, 1, 2, 3, 4, 5, 12, 13, 14], 9, 57, 4, 1]]
m, A, |A|, b, k, ~k
[[15, [0, 1, 2, 3, 4, 5, 13, 14, 15], 9, 60, 4, 0]]
m, A, |A|, b, k, ~k
[[16, [0, 1, 2, 3, 4, 5, 14, 15, 16], 9, 81, 5, 1]]
m, A, |A|, b, k, ~k
[[17, [0, 1, 2, 3, 4, 5, 15, 16, 17], 9, 103, 6, 1]]
m, A, |A|, b, k, ~k
[[18, [0, 1, 2, 3, 4, 5, 16, 17, 18], 9, 109, 6, 1]]
m, A, |A|, b, k, ~k
[[19, [0, 1, 2, 3, 4, 5, 17, 18, 19], 9, 134, 7, 1]]
m, A, |A|, b, k, ~k
[[20, [0, 1, 2, 3, 4, 5, 18, 19, 20], 9, 141, 7, 1]]
m, A, |A|, b, k, ~k
[[21, [0, 1, 2, 3, 4, 5, 19, 20, 21], 9, 169, 8, 1]]
m, A, |A|, b, k, ~k
[[22, [0, 1, 2, 3, 4, 5, 20, 21, 22], 9, 153, 7, -1]]
m, A, |A|, b, k, ~k
[[23, [0, 1, 2, 3, 4, 5, 21, 22, 23], 9, 208, 9, 1]]
m, A, |A|, b, k, ~k
[[24, [0, 1, 2, 3, 4, 5, 22, 23, 24], 9, 217, 9, 1]]
m, A, |A|, b, k, ~k
[[25, [0, 1, 2, 3, 4, 5, 23, 24, 25], 9, 251, 10, 1]]
m, A, |A|, b, k, ~k
[[26, [0, 1, 2, 3, 4, 5, 24, 25, 26], 9, 261, 10, 1]]
m, A, |A|, b, k, ~k
[[27, [0, 1, 2, 3, 4, 5, 25, 26, 27], 9, 298, 11, 1]]
m, A, |A|, b, k, ~k
[[28, [0, 1, 2, 3, 4, 5, 26, 27, 28], 9, 309, 11, 1]]
m, A, |A|, b, k, ~k
[[29, [0, 1, 2, 3, 4, 5, 27, 28, 29], 9, 319, 11, 0]]
m, A, |A|, b, k, ~k
[[30, [0, 1, 2, 3, 4, 5, 28, 29, 30], 9, 361, 12, 1]]
m, A, |A|, b, k, ~k
[[31, [0, 1, 2, 3, 4, 5, 29, 30, 31], 9, 404, 13, 1]]
m, A, |A|, b, k, ~k
[[32, [0, 1, 2, 3, 4, 5, 30, 31, 32], 9, 417, 13, 1]]
m, A, |A|, b, k, ~k
[[33, [0, 1, 2, 3, 4, 5, 31, 32, 33], 9, 463, 14, 1]]
m, A, |A|, b, k, ~k
[[34, [0, 1, 2, 3, 4, 5, 32, 33, 34], 9, 477, 14, 1]]
m, A, |A|, b, k, ~k
[[35, [0, 1, 2, 3, 4, 5, 33, 34, 35], 9, 526, 15, 1]]
m, A, |A|, b, k, ~k
[[36, [0, 1, 2, 3, 4, 5, 34, 35, 36], 9, 503, 14, -1]]
m, A, |A|, b, k, ~k
[[37, [0, 1, 2, 3, 4, 5, 35, 36, 37], 9, 593, 16, 1]]
m, A, |A|, b, k, ~k
[[38, [0, 1, 2, 3, 4, 5, 36, 37, 38], 9, 609, 16, 1]]
m, A, |A|, b, k, ~k
[[39, [0, 1, 2, 3, 4, 5, 37, 38, 39], 9, 664, 17, 1]]
m, A, |A|, b, k, ~k
[[40, [0, 1, 2, 3, 4, 5, 38, 39, 40], 9, 681, 17, 1]]
m, A, |A|, b, k, ~k
[[41, [0, 1, 2, 3, 4, 5, 39, 40, 41], 9, 739, 18, 1]]
m, A, |A|, b, k, ~k
[[42, [0, 1, 2, 3, 4, 5, 40, 41, 42], 9, 757, 18, 1]]
m, A, |A|, b, k, ~k
[[43, [0, 1, 2, 3, 4, 5, 41, 42, 43], 9, 774, 18, 0]]
m, A, |A|, b, k, ~k
[[44, [0, 1, 2, 3, 4, 5, 42, 43, 44], 9, 837, 19, 1]]
m, A, |A|, b, k, ~k
[[45, [0, 1, 2, 3, 4, 5, 43, 44, 45], 9, 901, 20, 1]]
m, A, |A|, b, k, ~k
[[46, [0, 1, 2, 3, 4, 5, 44, 45, 46], 9, 921, 20, 1]]
m, A, |A|, b, k, ~k
[[47, [0, 1, 2, 3, 4, 5, 45, 46, 47], 9, 988, 21, 1]]
m, A, |A|, b, k, ~k
[[48, [0, 1, 2, 3, 4, 5, 46, 47, 48], 9, 1009, 21, 1]]
m, A, |A|, b, k, ~k
[[49, [0, 1, 2, 3, 4, 5, 47, 48, 49], 9, 1079, 22, 1]]
m, A, |A|, b, k, ~k
[[50, [0, 1, 2, 3, 4, 5, 48, 49, 50], 9, 1049, 21, -1]]
m, A, |A|, b, k, ~k
[[51, [0, 1, 2, 3, 4, 5, 49, 50, 51], 9, 1174, 23, 1]]
