m, A, |A|, b, k, ~k
[[9, [0, 1, 2, 3, 4, 5, 6, 7, 8, 9], 10, 10, 1, 1]]
m, A, |A|, b, k, ~k
[[10, [0, 1, 2, 3, 4, 5, 7, 8, 9, 10], 10, 21, 2, 1]]
m, A, |A|, b, k, ~k
[[11, [0, 1, 2, 3, 4, 5, 8, 9, 10, 11], 10, 23, 2, 1]]
m, A, |A|, b, k, ~k
[[12, [0, 1, 2, 3, 4, 5, 9, 10, 11, 12], 10, 25, 2, 1]]
m, A, |A|, b, k, ~k
[[13, [0, 1, 2, 3, 4, 5, 10, 11, 12, 13], 10, 40, 3, 1]]
m, A, |A|, b, k, ~k
[[14, [0, 1, 2, 3, 4, 5, 11, 12, 13, 14], 10, 43, 3, 1]]
m, A, |A|, b, k, ~k
[[15, [0, 1, 2, 3, 4, 5, 12, 13, 14, 15], 10, 46, 3, 1]]
m, A, |A|, b, k, ~k
[[16, [0, 1, 2, 3, 4, 5, 13, 14, 15, 16], 10, 65, 4, 1]]
m, A, |A|, b, k, ~k
[[17, [0, 1, 2, 3, 4, 5, 14, 15, 16, 17], 10, 50, 3, -1]]
m, A, |A|, b, k, ~k
[[18, [0, 1, 2, 3, 4, 5, 15, 16, 17, 18], 10, 73, 4, 1]]
m, A, |A|, b, k, ~k
[[19, [0, 1, 2, 3, 4, 5, 16, 17, 18, 19], 10, 96, 5, 1]]
m, A, |A|, b, k, ~k
[[20, [0, 1, 2, 3, 4, 5, 17, 18, 19, 20], 10, 101, 5, 1]]
m, A, |A|, b, k, ~k
[[21, [0, 1, 2, 3, 4, 5, 18, 19, 20, 21], 10, 106, 5, 1]]
m, A, |A|, b, k, ~k
[[22, [0, 1, 2, 3, 4, 5, 19, 20, 21, 22], 10, 133, 6, 1]]
m, A, |A|, b, k, ~k
[[23, [0, 1, 2, 3, 4, 5, 20, 21, 22, 23], 10, 139, 6, 1]]
m, A, |A|, b, k, ~k
[[24, [0, 1, 2, 3, 4, 5, 21, 22, 23, 24], 10, 145, 6, 1]]
m, A, |A|, b, k, ~k
[[25, [0, 1, 2, 3, 4, 5, 22, 23, 24, 25], 10, 150, 6, 0]]
m, A, |A|, b, k, ~k
[[26, [0, 1, 2, 3, 4, 5, 23, 24, 25, 26], 10, 183, 7, 1]]
m, A, |A|, b, k, ~k
[[27, [0, 1, 2, 3, 4, 5, 24, 25, 26, 27], 10, 190, 7, 1]]
m, A, |A|, b, k, ~k
[[28, [0, 1, 2, 3, 4, 5, 25, 26, 27, 28], 10, 225, 8, 1]]
m, A, |A|, b, k, ~k
[[29, [0, 1, 2, 3, 4, 5, 26, 27, 28, 29], 10, 233, 8, 1]]
m, A, |A|, b, k, ~k
[[30, [0, 1, 2, 3, 4, 5, 27, 28, 29, 30], 10, 241, 8, 1]]
m, A, |A|, b, k, ~k
[[31, [0, 1, 2, 3, 4, 5, 28, 29, 30, 31], 10, 280, 9, 1]]
m, A, |A|, b, k, ~k
[[32, [0, 1, 2, 3, 4, 5, 29, 30, 31, 32], 10, 289, 9, 1]]
m, A, |A|, b, k, ~k
[[33, [0, 1, 2, 3, 4, 5, 30, 31, 32, 33], 10, 261, 8, -3]]
m, A, |A|, b, k, ~k
[[34, [0, 1, 2, 3, 4, 5, 31, 32, 33, 34], 10, 341, 10, 1]]
m, A, |A|, b, k, ~k
[[35, [0, 1, 2, 3, 4, 5, 32, 33, 34, 35], 10, 351, 10, 1]]
m, A, |A|, b, k, ~k
[[36, [0, 1, 2, 3, 4, 5, 33, 34, 35, 36], 10, 361, 10, 1]]
m, A, |A|, b, k, ~k
[[37, [0, 1, 2, 3, 4, 5, 34, 35, 36, 37], 10, 408, 11, 1]]
m, A, |A|, b, k, ~k
[[38, [0, 1, 2, 3, 4, 5, 35, 36, 37, 38], 10, 419, 11, 1]]
m, A, |A|, b, k, ~k
[[39, [0, 1, 2, 3, 4, 5, 36, 37, 38, 39], 10, 430, 11, 1]]
m, A, |A|, b, k, ~k
[[40, [0, 1, 2, 3, 4, 5, 37, 38, 39, 40], 10, 481, 12, 1]]
m, A, |A|, b, k, ~k
[[41, [0, 1, 2, 3, 4, 5, 38, 39, 40, 41], 10, 450, 11, -1]]
m, A, |A|, b, k, ~k
[[42, [0, 1, 2, 3, 4, 5, 39, 40, 41, 42], 10, 505, 12, 1]]
m, A, |A|, b, k, ~k
[[43, [0, 1, 2, 3, 4, 5, 40, 41, 42, 43], 10, 560, 13, 1]]
m, A, |A|, b, k, ~k
[[44, [0, 1, 2, 3, 4, 5, 41, 42, 43, 44], 10, 573, 13, 1]]
m, A, |A|, b, k, ~k
[[45, [0, 1, 2, 3, 4, 5, 42, 43, 44, 45], 10, 586, 13, 1]]
m, A, |A|, b, k, ~k
[[46, [0, 1, 2, 3, 4, 5, 43, 44, 45, 46], 10, 645, 14, 1]]
m, A, |A|, b, k, ~k
[[47, [0, 1, 2, 3, 4, 5, 44, 45, 46, 47], 10, 659, 14, 1]]
m, A, |A|, b, k, ~k
[[48, [0, 1, 2, 3, 4, 5, 45, 46, 47, 48], 10, 673, 14, 1]]
m, A, |A|, b, k, ~k
[[49, [0, 1, 2, 3, 4, 5, 46, 47, 48, 49], 10, 686, 14, 0]]
m, A, |A|, b, k, ~k
[[50, [0, 1, 2, 3, 4, 5, 47, 48, 49, 50], 10, 751, 15, 1]]
m, A, |A|, b, k, ~k
[[51, [0, 1, 2, 3, 4, 5, 48, 49, 50, 51], 10, 766, 15, 1]]
m, A, |A|, b, k, ~k
[[52, [0, 1, 2, 3, 4, 5, 49, 50, 51, 52], 10, 833, 16, 1]]
m, A, |A|, b, k, ~k
[[53, [0, 1, 2, 3, 4, 5, 50, 51, 52, 53], 10, 849, 16, 1]]
m, A, |A|, b, k, ~k
[[54, [0, 1, 2, 3, 4, 5, 51, 52, 53, 54], 10, 865, 16, 1]]
m, A, |A|, b, k, ~k
[[55, [0, 1, 2, 3, 4, 5, 52, 53, 54, 55], 10, 936, 17, 1]]
m, A, |A|, b, k, ~k
[[56, [0, 1, 2, 3, 4, 5, 53, 54, 55, 56], 10, 953, 17, 1]]
m, A, |A|, b, k, ~k
[[57, [0, 1, 2, 3, 4, 5, 54, 55, 56, 57], 10, 909, 16, -3]]
m, A, |A|, b, k, ~k
[[58, [0, 1, 2, 3, 4, 5, 55, 56, 57, 58], 10, 1045, 18, 1]]
m, A, |A|, b, k, ~k
[[59, [0, 1, 2, 3, 4, 5, 56, 57, 58, 59], 10, 1063, 18, 1]]
m, A, |A|, b, k, ~k
[[60, [0, 1, 2, 3, 4, 5, 57, 58, 59, 60], 10, 1081, 18, 1]]
m, A, |A|, b, k, ~k
[[61, [0, 1, 2, 3, 4, 5, 58, 59, 60, 61], 10, 1160, 19, 1]]
m, A, |A|, b, k, ~k
[[62, [0, 1, 2, 3, 4, 5, 59, 60, 61, 62], 10, 1179, 19, 1]]
m, A, |A|, b, k, ~k
[[63, [0, 1, 2, 3, 4, 5, 60, 61, 62, 63], 10, 1198, 19, 1]]
m, A, |A|, b, k, ~k
[[64, [0, 1, 2, 3, 4, 5, 61, 62, 63, 64], 10, 1281, 20, 1]]
m, A, |A|, b, k, ~k
[[65, [0, 1, 2, 3, 4, 5, 62, 63, 64, 65], 10, 1234, 19, -1]]
m, A, |A|, b, k, ~k
[[66, [0, 1, 2, 3, 4, 5, 63, 64, 65, 66], 10, 1321, 20, 1]]
m, A, |A|, b, k, ~k
[[67, [0, 1, 2, 3, 4, 5, 64, 65, 66, 67], 10, 1408, 21, 1]]
m, A, |A|, b, k, ~k
[[68, [0, 1, 2, 3, 4, 5, 65, 66, 67, 68], 10, 1429, 21, 1]]
m, A, |A|, b, k, ~k
[[69, [0, 1, 2, 3, 4, 5, 66, 67, 68, 69], 10, 1450, 21, 1]]
m, A, |A|, b, k, ~k
[[70, [0, 1, 2, 3, 4, 5, 67, 68, 69, 70], 10, 1541, 22, 1]]
m, A, |A|, b, k, ~k
[[71, [0, 1, 2, 3, 4, 5, 68, 69, 70, 71], 10, 1563, 22, 1]]
m, A, |A|, b, k, ~k
[[72, [0, 1, 2, 3, 4, 5, 69, 70, 71, 72], 10, 1585, 22, 1]]
