m, A, |A|, b, k, ~k
[[10, [0, 1, 2, 3, 4, 5, 6, 7, 8, 9, 10], 11, 11, 1, 1]]
m, A, |A|, b, k, ~k
[[11, [0, 1, 2, 3, 4, 5, 6, 8, 9, 10, 11], 11, 23, 2, 1]]
m, A, |A|, b, k, ~k
[[12, [0, 1, 2, 3, 4, 5, 6, 9, 10, 11, 12], 11, 25, 2, 1]]
m, A, |A|, b, k, ~k
[[13, [0, 1, 2, 3, 4, 5, 6, 10, 11, 12, 13], 11, 27, 2, 1]]
m, A, |A|, b, k, ~k
[[14, [0, 1, 2, 3, 4, 5, 6, 11, 12, 13, 14], 11, 43, 3, 1]]
m, A, |A|, b, k, ~k
[[15, [0, 1, 2, 3, 4, 5, 6, 12, 13, 14, 15], 11, 46, 3, 1]]
m, A, |A|, b, k, ~k
[[16, [0, 1, 2, 3, 4, 5, 6, 13, 14, 15, 16], 11, 49, 3, 1]]
m, A, |A|, b, k, ~k
[[17, [0, 1, 2, 3, 4, 5, 6, 14, 15, 16, 17], 11, 69, 4, 1]]
m, A, |A|, b, k, ~k
[[18, [0, 1, 2, 3, 4, 5, 6, 15, 16, 17, 18], 11, 73, 4, 1]]
m, A, |A|, b, k, ~k
[[19, [0, 1, 2, 3, 4, 5, 6, 16, 17, 18, 19], 11, 55, 3, -2]]
m, A, |A|, b, k, ~k
[[20, [0, 1, 2, 3, 4, 5, 6, 17, 18, 19, 20], 11, 101, 5, 1]]
m, A, |A|, b, k, ~k
[[21, [0, 1, 2, 3, 4, 5, 6, 18, 19, 20, 21], 11, 106, 5, 1]]
m, A, |A|, b, k, ~k
[[22, [0, 1, 2, 3, 4, 5, 6, 19, 20, 21, 22], 11, 111, 5, 1]]
m, A, |A|, b, k, ~k
[[23, [0, 1, 2, 3, 4, 5, 6, 20, 21, 22, 23], 11, 139, 6, 1]]
m, A, |A|, b, k, ~k
[[24, [0, 1, 2, 3, 4, 5, 6, 21, 22, 23, 24], 11, 145, 6, 1]]
m, A, |A|, b, k, ~k
[[25, [0, 1, 2, 3, 4, 5, 6, 22, 23, 24, 25], 11, 151, 6, 1]]
m, A, |A|, b, k, ~k
[[26, [0, 1, 2, 3, 4, 5, 6, 23, 24, 25, 26], 11, 183, 7, 1]]
m, A, |A|, b, k, ~k
[[27, [0, 1, 2, 3, 4, 5, 6, 24, 25, 26, 27], 11, 190, 7, 1]]
m, A, |A|, b, k, ~k
[[28, [0, 1, 2, 3, 4, 5, 6, 25, 26, 27, 28], 11, 166, 6, -2]]
m, A, |A|, b, k, ~k
[[29, [0, 1, 2, 3, 4, 5, 6, 26, 27, 28, 29], 11, 233, 8, 1]]
m, A, |A|, b, k, ~k
[[30, [0, 1, 2, 3, 4, 5, 6, 27, 28, 29, 30], 11, 241, 8, 1]]
m, A, |A|, b, k, ~k
[[31, [0, 1, 2, 3, 4, 5, 6, 28, 29, 30, 31], 11, 249, 8, 1]]
m, A, |A|, b, k, ~k
[[32, [0, 1, 2, 3, 4, 5, 6, 29, 30, 31, 32], 11, 289, 9, 1]]
m, A, |A|, b, k, ~k
[[33, [0, 1, 2, 3, 4, 5, 6, 30, 31, 32, 33], 11, 298, 9, 1]]
m, A, |A|, b, k, ~k
[[34, [0, 1, 2, 3, 4, 5, 6, 31, 32, 33, 34], 11, 307, 9, 1]]
m, A, |A|, b, k, ~k
[[35, [0, 1, 2, 3, 4, 5, 6, 32, 33, 34, 35], 11, 351, 10, 1]]
m, A, |A|, b, k, ~k
[[36, [0, 1, 2, 3, 4, 5, 6, 33, 34, 35, 36], 11, 361, 10, 1]]
m, A, |A|, b, k, ~k
[[37, [0, 1, 2, 3, 4, 5, 6, 34, 35, 36, 37], 11, 331, 9, -2]]
m, A, |A|, b, k, ~k
[[38, [0, 1, 2, 3, 4, 5, 6, 35, 36, 37, 38], 11, 419, 11, 1]]
m, A, |A|, b, k, ~k
[[39, [0, 1, 2, 3, 4, 5, 6, 36, 37, 38, 39], 11, 430, 11, 1]]
m, A, |A|, b, k, ~k
[[40, [0, 1, 2, 3, 4, 5, 6, 37, 38, 39, 40], 11, 441, 11, 1]]
m, A, |A|, b, k, ~k
[[41, [0, 1, 2, 3, 4, 5, 6, 38, 39, 40, 41], 11, 493, 12, 1]]
m, A, |A|, b, k, ~k
[[42, [0, 1, 2, 3, 4, 5, 6, 39, 40, 41, 42], 11, 505, 12, 1]]
m, A, |A|, b, k, ~k
[[43, [0, 1, 2, 3, 4, 5, 6, 40, 41, 42, 43], 11, 517, 12, 1]]
m, A, |A|, b, k, ~k
[[44, [0, 1, 2, 3, 4, 5, 6, 41, 42, 43, 44], 11, 573, 13, 1]]
m, A, |A|, b, k, ~k
[[45, [0, 1, 2, 3, 4, 5, 6, 42, 43, 44, 45], 11, 586, 13, 1]]
m, A, |A|, b, k, ~k
[[46, [0, 1, 2, 3, 4, 5, 6, 43, 44, 45, 46], 11, 550, 12, -2]]
m, A, |A|, b, k, ~k
[[47, [0, 1, 2, 3, 4, 5, 6, 44, 45, 46, 47], 11, 659, 14, 1]]
m, A, |A|, b, k, ~k
[[48, [0, 1, 2, 3, 4, 5, 6, 45, 46, 47, 48], 11, 673, 14, 1]]
m, A, |A|, b, k, ~k
[[49, [0, 1, 2, 3, 4, 5, 6, 46, 47, 48, 49], 11, 687, 14, 1]]
m, A, |A|, b, k, ~k
[[50, [0, 1, 2, 3, 4, 5, 6, 47, 48, 49, 50], 11, 751, 15, 1]]
m, A, |A|, b, k, ~k
[[51, [0, 1, 2, 3, 4, 5, 6, 48, 49, 50, 51], 11, 766, 15, 1]]
m, A, |A|, b, k, ~k
[[52, [0, 1, 2, 3, 4, 5, 6, 49, 50, 51, 52], 11, 781, 15, 1]]
m, A, |A|, b, k, ~k
[[53, [0, 1, 2, 3, 4, 5, 6, 50, 51, 52, 53], 11, 849, 16, 1]]
m, A, |A|, b, k, ~k
[[54, [0, 1, 2, 3, 4, 5, 6, 51, 52, 53, 54], 11, 865, 16, 1]]
m, A, |A|, b, k, ~k
[[55, [0, 1, 2, 3, 4, 5, 6, 52, 53, 54, 55], 11, 823, 15, -2]]
m, A, |A|, b, k, ~k
[[56, [0, 1, 2, 3, 4, 5, 6, 53, 54, 55, 56], 11, 953, 17, 1]]
m, A, |A|, b, k, ~k
[[57, [0, 1, 2, 3, 4, 5, 6, 54, 55, 56, 57], 11, 970, 17, 1]]
m, A, |A|, b, k, ~k
[[58, [0, 1, 2, 3, 4, 5, 6, 55, 56, 57, 58], 11, 987, 17, 1]]
m, A, |A|, b, k, ~k
[[59, [0, 1, 2, 3, 4, 5, 6, 56, 57, 58, 59], 11, 1063, 18, 1]]
m, A, |A|, b, k, ~k
[[60, [0, 1, 2, 3, 4, 5, 6, 57, 58, 59, 60], 11, 1081, 18, 1]]
m, A, |A|, b, k, ~k
[[61, [0, 1, 2, 3, 4, 5, 6, 58, 59, 60, 61], 11, 1099, 18, 1]]
m, A, |A|, b, k, ~k
[[62, [0, 1, 2, 3, 4, 5, 6, 59, 60, 61, 62], 11, 1179, 19, 1]]
m, A, |A|, b, k, ~k
[[63, [0, 1, 2, 3, 4, 5, 6, 60, 61, 62, 63], 11, 1198, 19, 1]]
m, A, |A|, b, k, ~k
[[64, [0, 1, 2, 3, 4, 5, 6, 61, 62, 63, 64], 11, 1150, 18, -2]]
m, A, |A|, b, k, ~k
[[65, [0, 1, 2, 3, 4, 5, 6, 62, 63, 64, 65], 11, 1301, 20, 1]]
m, A, |A|, b, k, ~k
[[66, [0, 1, 2, 3, 4, 5, 6, 63, 64, 65, 66], 11, 1321, 20, 1]]
m, A, |A|, b, k, ~k
[[67, [0, 1, 2, 3, 4, 5, 6, 64, 65, 66, 67], 11, 1341, 20, 1]]
m, A, |A|, b, k, ~k
[[68, [0, 1, 2, 3, 4, 5, 6, 65, 66, 67, 68], 11, 1429, 21, 1]]
m, A, |A|, b, k, ~k
[[69, [0, 1, 2, 3, 4, 5, 6, 66, 67, 68, 69], 11, 1450, 21, 1]]
m, A, |A|, b, k, ~k
[[70, [0, 1, 2, 3, 4, 5, 6, 67, 68, 69, 70], 11, 1471, 21, 1]]
m, A, |A|, b, k, ~k
[[71, [0, 1, 2, 3, 4, 5, 6, 68, 69, 70, 71], 11, 1563, 22, 1]]
m, A, |A|, b, k, ~k
[[72, [0, 1, 2, 3, 4, 5, 6, 69, 70, 71, 72], 11, 1585, 22, 1]]
