m, A, |A|, b, k, ~k
[[11, [0, 1, 2, 3, 4, 5, 6, 7, 8, 9, 10, 11], 12, 12, 1, 1]]
m, A, |A|, b, k, ~k
[[12, [0, 1, 2, 3, 4, 5, 6, 7, 9, 10, 11, 12], 12, 25, 2, 1]]
m, A, |A|, b, k, ~k
[[13, [0, 1, 2, 3, 4, 5, 6, 7, 10, 11, 12, 13], 12, 27, 2, 1]]
m, A, |A|, b, k, ~k
[[14, [0, 1, 2, 3, 4, 5, 6, 7, 11, 12, 13, 14], 12, 29, 2, 1]]
m, A, |A|, b, k, ~k
[[15, [0, 1, 2, 3, 4, 5, 6, 7, 12, 13, 14, 15], 12, 46, 3, 1]]
m, A, |A|, b, k, ~k
[[16, [0, 1, 2, 3, 4, 5, 6, 7, 13, 14, 15, 16], 12, 49, 3, 1]]
m, A, |A|, b, k, ~k
[[17, [0, 1, 2, 3, 4, 5, 6, 7, 14, 15, 16, 17], 12, 52, 3, 1]]
m, A, |A|, b, k, ~k
[[18, [0, 1, 2, 3, 4, 5, 6, 7, 15, 16, 17, 18], 12, 73, 4, 1]]
m, A, |A|, b, k, ~k
[[19, [0, 1, 2, 3, 4, 5, 6, 7, 16, 17, 18, 19], 12, 77, 4, 1]]
m, A, |A|, b, k, ~k
[[20, [0, 1, 2, 3, 4, 5, 6, 7, 17, 18, 19, 20], 12, 81, 4, 1]]
m, A, |A|, b, k, ~k
[[21, [0, 1, 2, 3, 4, 5, 6, 7, 18, 19, 20, 21], 12, 84, 4, 0]]
m, A, |A|, b, k, ~k
[[22, [0, 1, 2, 3, 4, 5, 6, 7, 19, 20, 21, 22], 12, 111, 5, 1]]
m, A, |A|, b, k, ~k
[[23, [0, 1, 2, 3, 4, 5, 6, 7, 20, 21, 22, 23], 12, 116, 5, 1]]
m, A, |A|, b, k, ~k
[[24, [0, 1, 2, 3, 4, 5, 6, 7, 21, 22, 23, 24], 12, 145, 6, 1]]
m, A, |A|, b, k, ~k
[[25, [0, 1, 2, 3, 4, 5, 6, 7, 22, 23, 24, 25], 12, 151, 6, 1]]
m, A, |A|, b, k, ~k
[[26, [0, 1, 2, 3, 4, 5, 6, 7, 23, 24, 25, 26], 12, 157, 6, 1]]
m, A, |A|, b, k, ~k
[[27, [0, 1, 2, 3, 4, 5, 6, 7, 24, 25, 26, 27], 12, 190, 7, 1]]
m, A, |A|, b, k, ~k
[[28, [0, 1, 2, 3, 4, 5, 6, 7, 25, 26, 27, 28], 12, 197, 7, 1]]
m, A, |A|, b, k, ~k
[[29, [0, 1, 2, 3, 4, 5, 6, 7, 26, 27, 28, 29], 12, 204, 7, 1]]
m, A, |A|, b, k, ~k
[[30, [0, 1, 2, 3, 4, 5, 6, 7, 27, 28, 29, 30], 12, 241, 8, 1]]
m, A, |A|, b, k, ~k
[[31, [0, 1, 2, 3, 4, 5, 6, 7, 28, 29, 30, 31], 12, 216, 7, -1]]
m, A, |A|, b, k, ~k
[[32, [0, 1, 2, 3, 4, 5, 6, 7, 29, 30, 31, 32], 12, 257, 8, 1]]
m, A, |A|, b, k, ~k
[[33, [0, 1, 2, 3, 4, 5, 6, 7, 30, 31, 32, 33], 12, 298, 9, 1]]
m, A, |A|, b, k, ~k
[[34, [0, 1, 2, 3, 4, 5, 6, 7, 31, 32, 33, 34], 12, 307, 9, 1]]
m, A, |A|, b, k, ~k
[[35, [0, 1, 2, 3, 4, 5, 6, 7, 32, 33, 34, 35], 12, 316, 9, 1]]
m, A, |A|, b, k, ~k
[[36, [0, 1, 2, 3, 4, 5, 6, 7, 33, 34, 35, 36], 12, 361, 10, 1]]
m, A, |A|, b, k, ~k
[[37, [0, 1, 2, 3, 4, 5, 6, 7, 34, 35, 36, 37], 12, 371, 10, 1]]
m, A, |A|, b, k, ~k
[[38, [0, 1, 2, 3, 4, 5, 6, 7, 35, 36, 37, 38], 12, 381, 10, 1]]
m, A, |A|, b, k, ~k
[[39, [0, 1, 2, 3, 4, 5, 6, 7, 36, 37, 38, 39], 12, 430, 11, 1]]
m, A, |A|, b, k, ~k
[[40, [0, 1, 2, 3, 4, 5, 6, 7, 37, 38, 39, 40], 12, 441, 11, 1]]
m, A, |A|, b, k, ~k
[[41, [0, 1, 2, 3, 4, 5, 6, 7, 38, 39, 40, 41], 12, 408, 10, -2]]
m, A, |A|, b, k, ~k
[[42, [0, 1, 2, 3, 4, 5, 6, 7, 39, 40, 41, 42], 12, 505, 12, 1]]
m, A, |A|, b, k, ~k
[[43, [0, 1, 2, 3, 4, 5, 6, 7, 40, 41, 42, 43], 12, 517, 12, 1]]
m, A, |A|, b, k, ~k
[[44, [0, 1, 2, 3, 4, 5, 6, 7, 41, 42, 43, 44], 12, 529, 12, 1]]
m, A, |A|, b, k, ~k
[[45, [0, 1, 2, 3, 4, 5, 6, 7, 42, 43, 44, 45], 12, 586, 13, 1]]
m, A, |A|, b, k, ~k
[[46, [0, 1, 2, 3, 4, 5, 6, 7, 43, 44, 45, 46], 12, 599, 13, 1]]
m, A, |A|, b, k, ~k
[[47, [0, 1, 2, 3, 4, 5, 6, 7, 44, 45, 46, 47], 12, 612, 13, 1]]
m, A, |A|, b, k, ~k
[[48, [0, 1, 2, 3, 4, 5, 6, 7, 45, 46, 47, 48], 12, 673, 14, 1]]
m, A, |A|, b, k, ~k
[[49, [0, 1, 2, 3, 4, 5, 6, 7, 46, 47, 48, 49], 12, 687, 14, 1]]
m, A, |A|, b, k, ~k
[[50, [0, 1, 2, 3, 4, 5, 6, 7, 47, 48, 49, 50], 12, 701, 14, 1]]
m, A, |A|, b, k, ~k
[[51, [0, 1, 2, 3, 4, 5, 6, 7, 48, 49, 50, 51], 12, 714, 14, 0]]
m, A, |A|, b, k, ~k
[[52, [0, 1, 2, 3, 4, 5, 6, 7, 49, 50, 51, 52], 12, 781, 15, 1]]
m, A, |A|, b, k, ~k
[[53, [0, 1, 2, 3, 4, 5, 6, 7, 50, 51, 52, 53], 12, 796, 15, 1]]
m, A, |A|, b, k, ~k
[[54, [0, 1, 2, 3, 4, 5, 6, 7, 51, 52, 53, 54], 12, 865, 16, 1]]
m, A, |A|, b, k, ~k
[[55, [0, 1, 2, 3, 4, 5, 6, 7, 52, 53, 54, 55], 12, 881, 16, 1]]
m, A, |A|, b, k, ~k
[[56, [0, 1, 2, 3, 4, 5, 6, 7, 53, 54, 55, 56], 12, 897, 16, 1]]
m, A, |A|, b, k, ~k
[[57, [0, 1, 2, 3, 4, 5, 6, 7, 54, 55, 56, 57], 12, 970, 17, 1]]
m, A, |A|, b, k, ~k
[[58, [0, 1, 2, 3, 4, 5, 6, 7, 55, 56, 57, 58], 12, 987, 17, 1]]
m, A, |A|, b, k, ~k
[[59, [0, 1, 2, 3, 4, 5, 6, 7, 56, 57, 58, 59], 12, 1004, 17, 1]]
m, A, |A|, b, k, ~k
[[60, [0, 1, 2, 3, 4, 5, 6, 7, 57, 58, 59, 60], 12, 1081, 18, 1]]
m, A, |A|, b, k, ~k
[[61, [0, 1, 2, 3, 4, 5, 6, 7, 58, 59, 60, 61], 12, 1036, 17, -1]]
m, A, |A|, b, k, ~k
[[62, [0, 1, 2, 3, 4, 5, 6, 7, 59, 60, 61, 62], 12, 1117, 18, 1]]
m, A, |A|, b, k, ~k
[[63, [0, 1, 2, 3, 4, 5, 6, 7, 60, 61, 62, 63], 12, 1198, 19, 1]]
m, A, |A|, b, k, ~k
[[64, [0, 1, 2, 3, 4, 5, 6, 7, 61, 62, 63, 64], 12, 1217, 19, 1]]
m, A, |A|, b, k, ~k
[[65, [0, 1, 2, 3, 4, 5, 6, 7, 62, 63, 64, 65], 12, 1236, 19, 1]]
m, A, |A|, b, k, ~k
[[66, [0, 1, 2, 3, 4, 5, 6, 7, 63, 64, 65, 66], 12, 1321, 20, 1]]
m, A, |A|, b, k, ~k
[[67, [0, 1, 2, 3, 4, 5, 6, 7, 64, 65, 66, 67], 12, 1341, 20, 1]]
m, A, |A|, b, k, ~k
[[68, [0, 1, 2, 3, 4, 5, 6, 7, 65, 66, 67, 68], 12, 1361, 20, 1]]
m, A, |A|, b, k, ~k
[[69, [0, 1, 2, 3, 4, 5, 6, 7, 66, 67, 68, 69], 12, 1450, 21, 1]]
m, A, |A|, b, k, ~k
[[70, [0, 1, 2, 3, 4, 5, 6, 7, 67, 68, 69, 70], 12, 1471, 21, 1]]
m, A, |A|, b, k, ~k
[[71, [0, 1, 2, 3, 4, 5, 6, 7, 68, 69, 70, 71], 12, 1418, 20, -2]]
m, A, |A|, b, k, ~k
[[72, [0, 1, 2, 3, 4, 5, 6, 7, 69, 70, 71, 72], 12, 1585, 22, 1]]
