m, A, |A|, b, k, ~k
[[12, [0, 1, 2, 3, 4, 5, 6, 7, 8, 9, 10, 11, 12], 13, 13, 1, 1]]
m, A, |A|, b, k, ~k
[[13, [0, 1, 2, 3, 4, 5, 6, 7, 8, 10, 11, 12, 13], 13, 27, 2, 1]]
m, A, |A|, b, k, ~k
[[14, [0, 1, 2, 3, 4, 5, 6, 7, 8, 11, 12, 13, 14], 13, 29, 2, 1]]
m, A, |A|, b, k, ~k
[[15, [0, 1, 2, 3, 4, 5, 6, 7, 8, 12, 13, 14, 15], 13, 31, 2, 1]]
m, A, |A|, b, k, ~k
[[16, [0, 1, 2, 3, 4, 5, 6, 7, 8, 13, 14, 15, 16], 13, 49, 3, 1]]
m, A, |A|, b, k, ~k
[[17, [0, 1, 2, 3, 4, 5, 6, 7, 8, 14, 15, 16, 17], 13, 52, 3, 1]]
m, A, |A|, b, k, ~k
[[18, [0, 1, 2, 3, 4, 5, 6, 7, 8, 15, 16, 17, 18], 13, 55, 3, 1]]
m, A, |A|, b, k, ~k
[[19, [0, 1, 2, 3, 4, 5, 6, 7, 8, 16, 17, 18, 19], 13, 77, 4, 1]]
m, A, |A|, b, k, ~k
[[20, [0, 1, 2, 3, 4, 5, 6, 7, 8, 17, 18, 19, 20], 13, 81, 4, 1]]
m, A, |A|, b, k, ~k
[[21, [0, 1, 2, 3, 4, 5, 6, 7, 8, 18, 19, 20, 21], 13, 85, 4, 1]]
m, A, |A|, b, k, ~k
[[22, [0, 1, 2, 3, 4, 5, 6, 7, 8, 19, 20, 21, 22], 13, 111, 5, 1]]
m, A, |A|, b, k, ~k
[[23, [0, 1, 2, 3, 4, 5, 6, 7, 8, 20, 21, 22, 23], 13, 91, 4, -1]]
m, A, |A|, b, k, ~k
[[24, [0, 1, 2, 3, 4, 5, 6, 7, 8, 21, 22, 23, 24], 13, 121, 5, 1]]
m, A, |A|, b, k, ~k
[[25, [0, 1, 2, 3, 4, 5, 6, 7, 8, 22, 23, 24, 25], 13, 151, 6, 1]]
m, A, |A|, b, k, ~k
[[26, [0, 1, 2, 3, 4, 5, 6, 7, 8, 23, 24, 25, 26], 13, 157, 6, 1]]
m, A, |A|, b, k, ~k
[[27, [0, 1, 2, 3, 4, 5, 6, 7, 8, 24, 25, 26, 27], 13, 163, 6, 1]]
m, A, |A|, b, k, ~k
[[28, [0, 1, 2, 3, 4, 5, 6, 7, 8, 25, 26, 27, 28], 13, 197, 7, 1]]
m, A, |A|, b, k, ~k
[[29, [0, 1, 2, 3, 4, 5, 6, 7, 8, 26, 27, 28, 29], 13, 204, 7, 1]]
m, A, |A|, b, k, ~k
[[30, [0, 1, 2, 3, 4, 5, 6, 7, 8, 27, 28, 29, 30], 13, 211, 7, 1]]
m, A, |A|, b, k, ~k
[[31, [0, 1, 2, 3, 4, 5, 6, 7, 8, 28, 29, 30, 31], 13, 249, 8, 1]]
m, A, |A|, b, k, ~k
[[32, [0, 1, 2, 3, 4, 5, 6, 7, 8, 29, 30, 31, 32], 13, 257, 8, 1]]
m, A, |A|, b, k, ~k
[[33, [0, 1, 2, 3, 4, 5, 6, 7, 8, 30, 31, 32, 33], 13, 265, 8, 1]]
m, A, |A|, b, k, ~k
[[34, [0, 1, 2, 3, 4, 5, 6, 7, 8, 31, 32, 33, 34], 13, 272, 8, 0]]
m, A, |A|, b, k, ~k
[[35, [0, 1, 2, 3, 4, 5, 6, 7, 8, 32, 33, 34, 35], 13, 316, 9, 1]]
m, A, |A|, b, k, ~k
[[36, [0, 1, 2, 3, 4, 5, 6, 7, 8, 33, 34, 35, 36], 13, 325, 9, 1]]
m, A, |A|, b, k, ~k
[[37, [0, 1, 2, 3, 4, 5, 6, 7, 8, 34, 35, 36, 37], 13, 371, 10, 1]]
m, A, |A|, b, k, ~k
[[38, [0, 1, 2, 3, 4, 5, 6, 7, 8, 35, 36, 37, 38], 13, 381, 10, 1]]
m, A, |A|, b, k, ~k
[[39, [0, 1, 2, 3, 4, 5, 6, 7, 8, 36, 37, 38, 39], 13, 391, 10, 1]]
m, A, |A|, b, k, ~k
[[40, [0, 1, 2, 3, 4, 5, 6, 7, 8, 37, 38, 39, 40], 13, 441, 11, 1]]
m, A, |A|, b, k, ~k
[[41, [0, 1, 2, 3, 4, 5, 6, 7, 8, 38, 39, 40, 41], 13, 452, 11, 1]]
m, A, |A|, b, k, ~k
[[42, [0, 1, 2, 3, 4, 5, 6, 7, 8, 39, 40, 41, 42], 13, 463, 11, 1]]
m, A, |A|, b, k, ~k
[[43, [0, 1, 2, 3, 4, 5, 6, 7, 8, 40, 41, 42, 43], 13, 517, 12, 1]]
m, A, |A|, b, k, ~k
[[44, [0, 1, 2, 3, 4, 5, 6, 7, 8, 41, 42, 43, 44], 13, 529, 12, 1]]
m, A, |A|, b, k, ~k
[[45, [0, 1, 2, 3, 4, 5, 6, 7, 8, 42, 43, 44, 45], 13, 493, 11, -2]]
m, A, |A|, b, k, ~k
[[46, [0, 1, 2, 3, 4, 5, 6, 7, 8, 43, 44, 45, 46], 13, 599, 13, 1]]
m, A, |A|, b, k, ~k
[[47, [0, 1, 2, 3, 4, 5, 6, 7, 8, 44, 45, 46, 47], 13, 612, 13, 1]]
m, A, |A|, b, k, ~k
[[48, [0, 1, 2, 3, 4, 5, 6, 7, 8, 45, 46, 47, 48], 13, 625, 13, 1]]
m, A, |A|, b, k, ~k
[[49, [0, 1, 2, 3, 4, 5, 6, 7, 8, 46, 47, 48, 49], 13, 687, 14, 1]]
m, A, |A|, b, k, ~k
[[50, [0, 1, 2, 3, 4, 5, 6, 7, 8, 47, 48, 49, 50], 13, 701, 14, 1]]
m, A, |A|, b, k, ~k
[[51, [0, 1, 2, 3, 4, 5, 6, 7, 8, 48, 49, 50, 51], 13, 715, 14, 1]]
m, A, |A|, b, k, ~k
[[52, [0, 1, 2, 3, 4, 5, 6, 7, 8, 49, 50, 51, 52], 13, 781, 15, 1]]
m, A, |A|, b, k, ~k
[[53, [0, 1, 2, 3, 4, 5, 6, 7, 8, 50, 51, 52, 53], 13, 796, 15, 1]]
m, A, |A|, b, k, ~k
[[54, [0, 1, 2, 3, 4, 5, 6, 7, 8, 51, 52, 53, 54], 13, 811, 15, 1]]
m, A, |A|, b, k, ~k
[[55, [0, 1, 2, 3, 4, 5, 6, 7, 8, 52, 53, 54, 55], 13, 881, 16, 1]]
m, A, |A|, b, k, ~k
[[56, [0, 1, 2, 3, 4, 5, 6, 7, 8, 53, 54, 55, 56], 13, 839, 15, -1]]
m, A, |A|, b, k, ~k
[[57, [0, 1, 2, 3, 4, 5, 6, 7, 8, 54, 55, 56, 57], 13, 913, 16, 1]]
m, A, |A|, b, k, ~k
[[58, [0, 1, 2, 3, 4, 5, 6, 7, 8, 55, 56, 57, 58], 13, 987, 17, 1]]
m, A, |A|, b, k, ~k
[[59, [0, 1, 2, 3, 4, 5, 6, 7, 8, 56, 57, 58, 59], 13, 1004, 17, 1]]
m, A, |A|, b, k, ~k
[[60, [0, 1, 2, 3, 4, 5, 6, 7, 8, 57, 58, 59, 60], 13, 1021, 17, 1]]
m, A, |A|, b, k, ~k
[[61, [0, 1, 2, 3, 4, 5, 6, 7, 8, 58, 59, 60, 61], 13, 1099, 18, 1]]
m, A, |A|, b, k, ~k
[[62, [0, 1, 2, 3, 4, 5, 6, 7, 8, 59, 60, 61, 62], 13, 1117, 18, 1]]
m, A, |A|, b, k, ~k
[[63, [0, 1, 2, 3, 4, 5, 6, 7, 8, 60, 61, 62, 63], 13, 1135, 18, 1]]
m, A, |A|, b, k, ~k
[[64, [0, 1, 2, 3, 4, 5, 6, 7, 8, 61, 62, 63, 64], 13, 1217, 19, 1]]
m, A, |A|, b, k, ~k
[[65, [0, 1, 2, 3, 4, 5, 6, 7, 8, 62, 63, 64, 65], 13, 1236, 19, 1]]
m, A, |A|, b, k, ~k
[[66, [0, 1, 2, 3, 4, 5, 6, 7, 8, 63, 64, 65, 66], 13, 1255, 19, 1]]
m, A, |A|, b, k, ~k
[[67, [0, 1, 2, 3, 4, 5, 6, 7, 8, 64, 65, 66, 67], 13, 1273, 19, 0]]
m, A, |A|, b, k, ~k
[[68, [0, 1, 2, 3, 4, 5, 6, 7, 8, 65, 66, 67, 68], 13, 1361, 20, 1]]
m, A, |A|, b, k, ~k
[[69, [0, 1, 2, 3, 4, 5, 6, 7, 8, 66, 67, 68, 69], 13, 1381, 20, 1]]
m, A, |A|, b, k, ~k
[[70, [0, 1, 2, 3, 4, 5, 6, 7, 8, 67, 68, 69, 70], 13, 1471, 21, 1]]
m, A, |A|, b, k, ~k
[[71, [0, 1, 2, 3, 4, 5, 6, 7, 8, 68, 69, 70, 71], 13, 1492, 21, 1]]
m, A, |A|, b, k, ~k
[[72, [0, 1, 2, 3, 4, 5, 6, 7, 8, 69, 70, 71, 72], 13, 1513, 21, 1]]
