m, A, |A|, b, k, ~k
[[11, [0, 1, 2, 3, 4, 5, 6, 7, 8, 9, 10, 11], 12, 12, 1, 1]]
m, A, |A|, b, k, ~k
[[12, [0, 1, 2, 3, 4, 5, 6, 7, 8, 10, 11, 12], 12, 25, 2, 1]]
m, A, |A|, b, k, ~k
[[13, [0, 1, 2, 3, 4, 5, 6, 7, 8, 11, 12, 13], 12, 27, 2, 1]]
m, A, |A|, b, k, ~k
[[14, [0, 1, 2, 3, 4, 5, 6, 7, 8, 12, 13, 14], 12, 43, 3, 1]]
m, A, |A|, b, k, ~k
[[15, [0, 1, 2, 3, 4, 5, 6, 7, 8, 13, 14, 15], 12, 46, 3, 1]]
m, A, |A|, b, k, ~k
[[16, [0, 1, 2, 3, 4, 5, 6, 7, 8, 14, 15, 16], 12, 65, 4, 1]]
m, A, |A|, b, k, ~k
[[17, [0, 1, 2, 3, 4, 5, 6, 7, 8, 15, 16, 17], 12, 69, 4, 1]]
m, A, |A|, b, k, ~k
[[18, [0, 1, 2, 3, 4, 5, 6, 7, 8, 16, 17, 18], 12, 91, 5, 1]]
m, A, |A|, b, k, ~k
[[19, [0, 1, 2, 3, 4, 5, 6, 7, 8, 17, 18, 19], 12, 96, 5, 1]]
m, A, |A|, b, k, ~k
[[20, [0, 1, 2, 3, 4, 5, 6, 7, 8, 18, 19, 20], 12, 121, 6, 1]]
m, A, |A|, b, k, ~k
[[21, [0, 1, 2, 3, 4, 5, 6, 7, 8, 19, 20, 21], 12, 104, 5, -1]]
m, A, |A|, b, k, ~k
[[22, [0, 1, 2, 3, 4, 5, 6, 7, 8, 20, 21, 22], 12, 155, 7, 1]]
m, A, |A|, b, k, ~k
[[23, [0, 1, 2, 3, 4, 5, 6, 7, 8, 21, 22, 23], 12, 162, 7, 1]]
m, A, |A|, b, k, ~k
[[24, [0, 1, 2, 3, 4, 5, 6, 7, 8, 22, 23, 24], 12, 193, 8, 1]]
m, A, |A|, b, k, ~k
[[25, [0, 1, 2, 3, 4, 5, 6, 7, 8, 23, 24, 25], 12, 201, 8, 1]]
m, A, |A|, b, k, ~k
[[26, [0, 1, 2, 3, 4, 5, 6, 7, 8, 24, 25, 26], 12, 235, 9, 1]]
m, A, |A|, b, k, ~k
[[27, [0, 1, 2, 3, 4, 5, 6, 7, 8, 25, 26, 27], 12, 244, 9, 1]]
m, A, |A|, b, k, ~k
[[28, [0, 1, 2, 3, 4, 5, 6, 7, 8, 26, 27, 28], 12, 281, 10, 1]]
m, A, |A|, b, k, ~k
[[29, [0, 1, 2, 3, 4, 5, 6, 7, 8, 27, 28, 29], 12, 291, 10, 1]]
m, A, |A|, b, k, ~k
[[30, [0, 1, 2, 3, 4, 5, 6, 7, 8, 28, 29, 30], 12, 331, 11, 1]]
m, A, |A|, b, k, ~k
[[31, [0, 1, 2, 3, 4, 5, 6, 7, 8, 29, 30, 31], 12, 309, 10, -1]]
m, A, |A|, b, k, ~k
[[32, [0, 1, 2, 3, 4, 5, 6, 7, 8, 30, 31, 32], 12, 385, 12, 1]]
m, A, |A|, b, k, ~k
[[33, [0, 1, 2, 3, 4, 5, 6, 7, 8, 31, 32, 33], 12, 397, 12, 1]]
m, A, |A|, b, k, ~k
[[34, [0, 1, 2, 3, 4, 5, 6, 7, 8, 32, 33, 34], 12, 443, 13, 1]]
m, A, |A|, b, k, ~k
[[35, [0, 1, 2, 3, 4, 5, 6, 7, 8, 33, 34, 35], 12, 456, 13, 1]]
m, A, |A|, b, k, ~k
[[36, [0, 1, 2, 3, 4, 5, 6, 7, 8, 34, 35, 36], 12, 505, 14, 1]]
m, A, |A|, b, k, ~k
[[37, [0, 1, 2, 3, 4, 5, 6, 7, 8, 35, 36, 37], 12, 519, 14, 1]]
m, A, |A|, b, k, ~k
[[38, [0, 1, 2, 3, 4, 5, 6, 7, 8, 36, 37, 38], 12, 571, 15, 1]]
m, A, |A|, b, k, ~k
[[39, [0, 1, 2, 3, 4, 5, 6, 7, 8, 37, 38, 39], 12, 586, 15, 1]]
m, A, |A|, b, k, ~k
[[40, [0, 1, 2, 3, 4, 5, 6, 7, 8, 38, 39, 40], 12, 641, 16, 1]]
m, A, |A|, b, k, ~k
[[41, [0, 1, 2, 3, 4, 5, 6, 7, 8, 39, 40, 41], 12, 614, 15, -1]]
m, A, |A|, b, k, ~k
[[42, [0, 1, 2, 3, 4, 5, 6, 7, 8, 40, 41, 42], 12, 715, 17, 1]]
m, A, |A|, b, k, ~k
[[43, [0, 1, 2, 3, 4, 5, 6, 7, 8, 41, 42, 43], 12, 732, 17, 1]]
m, A, |A|, b, k, ~k
[[44, [0, 1, 2, 3, 4, 5, 6, 7, 8, 42, 43, 44], 12, 793, 18, 1]]
m, A, |A|, b, k, ~k
[[45, [0, 1, 2, 3, 4, 5, 6, 7, 8, 43, 44, 45], 12, 811, 18, 1]]
m, A, |A|, b, k, ~k
[[46, [0, 1, 2, 3, 4, 5, 6, 7, 8, 44, 45, 46], 12, 875, 19, 1]]
m, A, |A|, b, k, ~k
[[47, [0, 1, 2, 3, 4, 5, 6, 7, 8, 45, 46, 47], 12, 894, 19, 1]]
m, A, |A|, b, k, ~k
[[48, [0, 1, 2, 3, 4, 5, 6, 7, 8, 46, 47, 48], 12, 961, 20, 1]]
m, A, |A|, b, k, ~k
[[49, [0, 1, 2, 3, 4, 5, 6, 7, 8, 47, 48, 49], 12, 981, 20, 1]]
m, A, |A|, b, k, ~k
[[50, [0, 1, 2, 3, 4, 5, 6, 7, 8, 48, 49, 50], 12, 1051, 21, 1]]
m, A, |A|, b, k, ~k
[[51, [0, 1, 2, 3, 4, 5, 6, 7, 8, 49, 50, 51], 12, 1019, 20, -1]]
