m, A, |A|, b, k, ~k
[[13, [0, 1, 2, 3, 4, 5, 6, 7, 8, 9, 10, 11, 12, 13], 14, 14, 1, 1]]
m, A, |A|, b, k, ~k
[[14, [0, 1, 2, 3, 4, 5, 6, 7, 8, 9, 11, 12, 13, 14], 14, 29, 2, 1]]
m, A, |A|, b, k, ~k
[[15, [0, 1, 2, 3, 4, 5, 6, 7, 8, 9, 12, 13, 14, 15], 14, 31, 2, 1]]
m, A, |A|, b, k, ~k
[[16, [0, 1, 2, 3, 4, 5, 6, 7, 8, 9, 13, 14, 15, 16], 14, 33, 2, 1]]
m, A, |A|, b, k, ~k
[[17, [0, 1, 2, 3, 4, 5, 6, 7, 8, 9, 14, 15, 16, 17], 14, 52, 3, 1]]
m, A, |A|, b, k, ~k
[[18, [0, 1, 2, 3, 4, 5, 6, 7, 8, 9, 15, 16, 17, 18], 14, 55, 3, 1]]
m, A, |A|, b, k, ~k
[[19, [0, 1, 2, 3, 4, 5, 6, 7, 8, 9, 16, 17, 18, 19], 14, 58, 3, 1]]
m, A, |A|, b, k, ~k
[[20, [0, 1, 2, 3, 4, 5, 6, 7, 8, 9, 17, 18, 19, 20], 14, 81, 4, 1]]
m, A, |A|, b, k, ~k
[[21, [0, 1, 2, 3, 4, 5, 6, 7, 8, 9, 18, 19, 20, 21], 14, 85, 4, 1]]
m, A, |A|, b, k, ~k
[[22, [0, 1, 2, 3, 4, 5, 6, 7, 8, 9, 19, 20, 21, 22], 14, 89, 4, 1]]
m, A, |A|, b, k, ~k
[[23, [0, 1, 2, 3, 4, 5, 6, 7, 8, 9, 20, 21, 22, 23], 14, 116, 5, 1]]
m, A, |A|, b, k, ~k
[[24, [0, 1, 2, 3, 4, 5, 6, 7, 8, 9, 21, 22, 23, 24], 14, 121, 5, 1]]
m, A, |A|, b, k, ~k
[[25, [0, 1, 2, 3, 4, 5, 6, 7, 8, 9, 22, 23, 24, 25], 14, 98, 4, -2]]
m, A, |A|, b, k, ~k
[[26, [0, 1, 2, 3, 4, 5, 6, 7, 8, 9, 23, 24, 25, 26], 14, 157, 6, 1]]
m, A, |A|, b, k, ~k
[[27, [0, 1, 2, 3, 4, 5, 6, 7, 8, 9, 24, 25, 26, 27], 14, 163, 6, 1]]
m, A, |A|, b, k, ~k
[[28, [0, 1, 2, 3, 4, 5, 6, 7, 8, 9, 25, 26, 27, 28], 14, 169, 6, 1]]
m, A, |A|, b, k, ~k
[[29, [0, 1, 2, 3, 4, 5, 6, 7, 8, 9, 26, 27, 28, 29], 14, 204, 7, 1]]
m, A, |A|, b, k, ~k
[[30, [0, 1, 2, 3, 4, 5, 6, 7, 8, 9, 27, 28, 29, 30], 14, 211, 7, 1]]
m, A, |A|, b, k, ~k
[[31, [0, 1, 2, 3, 4, 5, 6, 7, 8, 9, 28, 29, 30, 31], 14, 218, 7, 1]]
m, A, |A|, b, k, ~k
[[32, [0, 1, 2, 3, 4, 5, 6, 7, 8, 9, 29, 30, 31, 32], 14, 257, 8, 1]]
m, A, |A|, b, k, ~k
[[33, [0, 1, 2, 3, 4, 5, 6, 7, 8, 9, 30, 31, 32, 33], 14, 265, 8, 1]]
m, A, |A|, b, k, ~k
[[34, [0, 1, 2, 3, 4, 5, 6, 7, 8, 9, 31, 32, 33, 34], 14, 273, 8, 1]]
m, A, |A|, b, k, ~k
[[35, [0, 1, 2, 3, 4, 5, 6, 7, 8, 9, 32, 33, 34, 35], 14, 316, 9, 1]]
m, A, |A|, b, k, ~k
[[36, [0, 1, 2, 3, 4, 5, 6, 7, 8, 9, 33, 34, 35, 36], 14, 325, 9, 1]]
m, A, |A|, b, k, ~k
[[37, [0, 1, 2, 3, 4, 5, 6, 7, 8, 9, 34, 35, 36, 37], 14, 294, 8, -2]]
m, A, |A|, b, k, ~k
[[38, [0, 1, 2, 3, 4, 5, 6, 7, 8, 9, 35, 36, 37, 38], 14, 381, 10, 1]]
m, A, |A|, b, k, ~k
[[39, [0, 1, 2, 3, 4, 5, 6, 7, 8, 9, 36, 37, 38, 39], 14, 391, 10, 1]]
m, A, |A|, b, k, ~k
[[40, [0, 1, 2, 3, 4, 5, 6, 7, 8, 9, 37, 38, 39, 40], 14, 401, 10, 1]]
m, A, |A|, b, k, ~k
[[41, [0, 1, 2, 3, 4, 5, 6, 7, 8, 9, 38, 39, 40, 41], 14, 452, 11, 1]]
m, A, |A|, b, k, ~k
[[42, [0, 1, 2, 3, 4, 5, 6, 7, 8, 9, 39, 40, 41, 42], 14, 463, 11, 1]]
m, A, |A|, b, k, ~k
[[43, [0, 1, 2, 3, 4, 5, 6, 7, 8, 9, 40, 41, 42, 43], 14, 474, 11, 1]]
m, A, |A|, b, k, ~k
[[44, [0, 1, 2, 3, 4, 5, 6, 7, 8, 9, 41, 42, 43, 44], 14, 529, 12, 1]]
m, A, |A|, b, k, ~k
[[45, [0, 1, 2, 3, 4, 5, 6, 7, 8, 9, 42, 43, 44, 45], 14, 541, 12, 1]]
m, A, |A|, b, k, ~k
[[46, [0, 1, 2, 3, 4, 5, 6, 7, 8, 9, 43, 44, 45, 46], 14, 553, 12, 1]]
m, A, |A|, b, k, ~k
[[47, [0, 1, 2, 3, 4, 5, 6, 7, 8, 9, 44, 45, 46, 47], 14, 612, 13, 1]]
m, A, |A|, b, k, ~k
[[48, [0, 1, 2, 3, 4, 5, 6, 7, 8, 9, 45, 46, 47, 48], 14, 625, 13, 1]]
m, A, |A|, b, k, ~k
[[49, [0, 1, 2, 3, 4, 5, 6, 7, 8, 9, 46, 47, 48, 49], 14, 586, 12, -2]]
m, A, |A|, b, k, ~k
[[50, [0, 1, 2, 3, 4, 5, 6, 7, 8, 9, 47, 48, 49, 50], 14, 701, 14, 1]]
m, A, |A|, b, k, ~k
[[51, [0, 1, 2, 3, 4, 5, 6, 7, 8, 9, 48, 49, 50, 51], 14, 715, 14, 1]]
m, A, |A|, b, k, ~k
[[52, [0, 1, 2, 3, 4, 5, 6, 7, 8, 9, 49, 50, 51, 52], 14, 729, 14, 1]]
m, A, |A|, b, k, ~k
[[53, [0, 1, 2, 3, 4, 5, 6, 7, 8, 9, 50, 51, 52, 53], 14, 796, 15, 1]]
m, A, |A|, b, k, ~k
[[54, [0, 1, 2, 3, 4, 5, 6, 7, 8, 9, 51, 52, 53, 54], 14, 811, 15, 1]]
m, A, |A|, b, k, ~k
[[55, [0, 1, 2, 3, 4, 5, 6, 7, 8, 9, 52, 53, 54, 55], 14, 826, 15, 1]]
m, A, |A|, b, k, ~k
[[56, [0, 1, 2, 3, 4, 5, 6, 7, 8, 9, 53, 54, 55, 56], 14, 897, 16, 1]]
m, A, |A|, b, k, ~k
[[57, [0, 1, 2, 3, 4, 5, 6, 7, 8, 9, 54, 55, 56, 57], 14, 913, 16, 1]]
m, A, |A|, b, k, ~k
[[58, [0, 1, 2, 3, 4, 5, 6, 7, 8, 9, 55, 56, 57, 58], 14, 929, 16, 1]]
m, A, |A|, b, k, ~k
[[59, [0, 1, 2, 3, 4, 5, 6, 7, 8, 9, 56, 57, 58, 59], 14, 1004, 17, 1]]
m, A, |A|, b, k, ~k
[[60, [0, 1, 2, 3, 4, 5, 6, 7, 8, 9, 57, 58, 59, 60], 14, 1021, 17, 1]]
m, A, |A|, b, k, ~k
[[61, [0, 1, 2, 3, 4, 5, 6, 7, 8, 9, 58, 59, 60, 61], 14, 974, 16, -2]]
m, A, |A|, b, k, ~k
[[62, [0, 1, 2, 3, 4, 5, 6, 7, 8, 9, 59, 60, 61, 62], 14, 1117, 18, 1]]
m, A, |A|, b, k, ~k
[[63, [0, 1, 2, 3, 4, 5, 6, 7, 8, 9, 60, 61, 62, 63], 14, 1135, 18, 1]]
m, A, |A|, b, k, ~k
[[64, [0, 1, 2, 3, 4, 5, 6, 7, 8, 9, 61, 62, 63, 64], 14, 1153, 18, 1]]
m, A, |A|, b, k, ~k
[[65, [0, 1, 2, 3, 4, 5, 6, 7, 8, 9, 62, 63, 64, 65], 14, 1236, 19, 1]]
m, A, |A|, b, k, ~k
[[66, [0, 1, 2, 3, 4, 5, 6, 7, 8, 9, 63, 64, 65, 66], 14, 1255, 19, 1]]
m, A, |A|, b, k, ~k
[[67, [0, 1, 2, 3, 4, 5, 6, 7, 8, 9, 64, 65, 66, 67], 14, 1274, 19, 1]]
m, A, |A|, b, k, ~k
[[68, [0, 1, 2, 3, 4, 5, 6, 7, 8, 9, 65, 66, 67, 68], 14, 1361, 20, 1]]
m, A, |A|, b, k, ~k
[[69, [0, 1, 2, 3, 4, 5, 6, 7, 8, 9, 66, 67, 68, 69], 14, 1381, 20, 1]]
m, A, |A|, b, k, ~k
[[70, [0, 1, 2, 3, 4, 5, 6, 7, 8, 9, 67, 68, 69, 70], 14, 1401, 20, 1]]
m, A, |A|, b, k, ~k
[[71, [0, 1, 2, 3, 4, 5, 6, 7, 8, 9, 68, 69, 70, 71], 14, 1492, 21, 1]]
m, A, |A|, b, k, ~k
[[72, [0, 1, 2, 3, 4, 5, 6, 7, 8, 9, 69, 70, 71, 72], 14, 1513, 21, 1]]
