m, A, |A|, b, k, ~k
[[6, [0, 2, 3, 4, 5, 6, 4, 5, 6], 9, 12, 2, 0]]
m, A, |A|, b, k, ~k
[[7, [0, 2, 3, 4, 5, 6, 5, 6, 7], 9, 14, 2, 0]]
m, A, |A|, b, k, ~k
[[8, [0, 2, 3, 4, 5, 6, 6, 7, 8], 9, 16, 2, 0]]
m, A, |A|, b, k, ~k
[[9, [0, 2, 3, 4, 5, 6, 7, 8, 9], 9, 9, 1, 0]]
m, A, |A|, b, k, ~k
[[10, [0, 2, 3, 4, 5, 6, 8, 9, 10], 9, 20, 2, 0]]
m, A, |A|, b, k, ~k
[[11, [0, 2, 3, 4, 5, 6, 9, 10, 11], 9, 22, 2, 0]]
m, A, |A|, b, k, ~k
[[12, [0, 2, 3, 4, 5, 6, 10, 11, 12], 9, 36, 3, 0]]
m, A, |A|, b, k, ~k
[[13, [0, 2, 3, 4, 5, 6, 11, 12, 13], 9, 39, 3, 0]]
m, A, |A|, b, k, ~k
[[14, [0, 2, 3, 4, 5, 6, 12, 13, 14], 9, 56, 4, 0]]
m, A, |A|, b, k, ~k
[[15, [0, 2, 3, 4, 5, 6, 13, 14, 15], 9, 60, 4, 0]]
m, A, |A|, b, k, ~k
[[16, [0, 2, 3, 4, 5, 6, 14, 15, 16], 9, 80, 5, 0]]
m, A, |A|, b, k, ~k
[[17, [0, 2, 3, 4, 5, 6, 15, 16, 17], 9, 66, 4, -2]]
m, A, |A|, b, k, ~k
[[18, [0, 2, 3, 4, 5, 6, 16, 17, 18], 9, 108, 6, 0]]
m, A, |A|, b, k, ~k
[[19, [0, 2, 3, 4, 5, 6, 17, 18, 19], 9, 114, 6, 0]]
m, A, |A|, b, k, ~k
[[20, [0, 2, 3, 4, 5, 6, 18, 19, 20], 9, 140, 7, 0]]
m, A, |A|, b, k, ~k
[[21, [0, 2, 3, 4, 5, 6, 19, 20, 21], 9, 147, 7, 0]]
m, A, |A|, b, k, ~k
[[22, [0, 2, 3, 4, 5, 6, 20, 21, 22], 9, 176, 8, 0]]
m, A, |A|, b, k, ~k
[[23, [0, 2, 3, 4, 5, 6, 21, 22, 23], 9, 184, 8, 0]]
m, A, |A|, b, k, ~k
[[24, [0, 2, 3, 4, 5, 6, 22, 23, 24], 9, 216, 9, 0]]
m, A, |A|, b, k, ~k
[[25, [0, 2, 3, 4, 5, 6, 23, 24, 25], 9, 198, 8, -2]]
m, A, |A|, b, k, ~k
[[26, [0, 2, 3, 4, 5, 6, 24, 25, 26], 9, 260, 10, 0]]
m, A, |A|, b, k, ~k
[[27, [0, 2, 3, 4, 5, 6, 25, 26, 27], 9, 270, 10, 0]]
m, A, |A|, b, k, ~k
[[28, [0, 2, 3, 4, 5, 6, 26, 27, 28], 9, 308, 11, 0]]
m, A, |A|, b, k, ~k
[[29, [0, 2, 3, 4, 5, 6, 27, 28, 29], 9, 319, 11, 0]]
m, A, |A|, b, k, ~k
[[30, [0, 2, 3, 4, 5, 6, 28, 29, 30], 9, 360, 12, 0]]
m, A, |A|, b, k, ~k
[[31, [0, 2, 3, 4, 5, 6, 29, 30, 31], 9, 372, 12, 0]]
m, A, |A|, b, k, ~k
[[32, [0, 2, 3, 4, 5, 6, 30, 31, 32], 9, 416, 13, 0]]
m, A, |A|, b, k, ~k
[[33, [0, 2, 3, 4, 5, 6, 31, 32, 33], 9, 394, 12, -2]]
m, A, |A|, b, k, ~k
[[34, [0, 2, 3, 4, 5, 6, 32, 33, 34], 9, 476, 14, 0]]
m, A, |A|, b, k, ~k
[[35, [0, 2, 3, 4, 5, 6, 33, 34, 35], 9, 490, 14, 0]]
m, A, |A|, b, k, ~k
[[36, [0, 2, 3, 4, 5, 6, 34, 35, 36], 9, 540, 15, 0]]
m, A, |A|, b, k, ~k
[[37, [0, 2, 3, 4, 5, 6, 35, 36, 37], 9, 555, 15, 0]]
m, A, |A|, b, k, ~k
[[38, [0, 2, 3, 4, 5, 6, 36, 37, 38], 9, 608, 16, 0]]
m, A, |A|, b, k, ~k
[[39, [0, 2, 3, 4, 5, 6, 37, 38, 39], 9, 624, 16, 0]]
m, A, |A|, b, k, ~k
[[40, [0, 2, 3, 4, 5, 6, 38, 39, 40], 9, 680, 17, 0]]
m, A, |A|, b, k, ~k
[[41, [0, 2, 3, 4, 5, 6, 39, 40, 41], 9, 654, 16, -2]]
m, A, |A|, b, k, ~k
[[42, [0, 2, 3, 4, 5, 6, 40, 41, 42], 9, 756, 18, 0]]
m, A, |A|, b, k, ~k
[[43, [0, 2, 3, 4, 5, 6, 41, 42, 43], 9, 774, 18, 0]]
m, A, |A|, b, k, ~k
[[44, [0, 2, 3, 4, 5, 6, 42, 43, 44], 9, 836, 19, 0]]
m, A, |A|, b, k, ~k
[[45, [0, 2, 3, 4, 5, 6, 43, 44, 45], 9, 855, 19, 0]]
m, A, |A|, b, k, ~k
[[46, [0, 2, 3, 4, 5, 6, 44, 45, 46], 9, 920, 20, 0]]
m, A, |A|, b, k, ~k
[[47, [0, 2, 3, 4, 5, 6, 45, 46, 47], 9, 940, 20, 0]]
m, A, |A|, b, k, ~k
[[48, [0, 2, 3, 4, 5, 6, 46, 47, 48], 9, 1008, 21, 0]]
m, A, |A|, b, k, ~k
[[49, [0, 2, 3, 4, 5, 6, 47, 48, 49], 9, 978, 20, -2]]
m, A, |A|, b, k, ~k
[[50, [0, 2, 3, 4, 5, 6, 48, 49, 50], 9, 1100, 22, 0]]
m, A, |A|, b, k, ~k
[[51, [0, 2, 3, 4, 5, 6, 49, 50, 51], 9, 1122, 22, 0]]
