m, A, |A|, b, k, ~k
[[7, [0, 2, 3, 4, 5, 6, 7, 4, 5, 6], 10, 14, 2, 0]]
m, A, |A|, b, k, ~k
[[7, [0, 2, 3, 4, 5, 6, 7, 5, 6, 7], 10, 14, 2, 0]]
m, A, |A|, b, k, ~k
[[8, [0, 2, 3, 4, 5, 6, 7, 6, 7, 8], 10, 16, 2, 0]]
m, A, |A|, b, k, ~k
[[9, [0, 2, 3, 4, 5, 6, 7, 7, 8, 9], 10, 18, 2, 0]]
m, A, |A|, b, k, ~k
[[10, [0, 2, 3, 4, 5, 6, 7, 8, 9, 10], 10, 10, 1, 0]]
m, A, |A|, b, k, ~k
[[11, [0, 2, 3, 4, 5, 6, 7, 9, 10, 11], 10, 22, 2, 0]]
m, A, |A|, b, k, ~k
[[12, [0, 2, 3, 4, 5, 6, 7, 10, 11, 12], 10, 24, 2, 0]]
m, A, |A|, b, k, ~k
[[13, [0, 2, 3, 4, 5, 6, 7, 11, 12, 13], 10, 39, 3, 0]]
m, A, |A|, b, k, ~k
[[14, [0, 2, 3, 4, 5, 6, 7, 12, 13, 14], 10, 42, 3, 0]]
m, A, |A|, b, k, ~k
[[15, [0, 2, 3, 4, 5, 6, 7, 13, 14, 15], 10, 60, 4, 0]]
m, A, |A|, b, k, ~k
[[16, [0, 2, 3, 4, 5, 6, 7, 14, 15, 16], 10, 64, 4, 0]]
m, A, |A|, b, k, ~k
[[17, [0, 2, 3, 4, 5, 6, 7, 15, 16, 17], 10, 85, 5, 0]]
m, A, |A|, b, k, ~k
[[18, [0, 2, 3, 4, 5, 6, 7, 16, 17, 18], 10, 90, 5, 0]]
m, A, |A|, b, k, ~k
[[19, [0, 2, 3, 4, 5, 6, 7, 17, 18, 19], 10, 94, 5, -1]]
m, A, |A|, b, k, ~k
[[20, [0, 2, 3, 4, 5, 6, 7, 18, 19, 20], 10, 120, 6, 0]]
m, A, |A|, b, k, ~k
[[21, [0, 2, 3, 4, 5, 6, 7, 19, 20, 21], 10, 147, 7, 0]]
m, A, |A|, b, k, ~k
[[22, [0, 2, 3, 4, 5, 6, 7, 20, 21, 22], 10, 154, 7, 0]]
m, A, |A|, b, k, ~k
[[23, [0, 2, 3, 4, 5, 6, 7, 21, 22, 23], 10, 184, 8, 0]]
m, A, |A|, b, k, ~k
[[24, [0, 2, 3, 4, 5, 6, 7, 22, 23, 24], 10, 192, 8, 0]]
m, A, |A|, b, k, ~k
[[25, [0, 2, 3, 4, 5, 6, 7, 23, 24, 25], 10, 225, 9, 0]]
m, A, |A|, b, k, ~k
[[26, [0, 2, 3, 4, 5, 6, 7, 24, 25, 26], 10, 234, 9, 0]]
m, A, |A|, b, k, ~k
[[27, [0, 2, 3, 4, 5, 6, 7, 25, 26, 27], 10, 270, 10, 0]]
m, A, |A|, b, k, ~k
[[28, [0, 2, 3, 4, 5, 6, 7, 26, 27, 28], 10, 250, 9, -2]]
m, A, |A|, b, k, ~k
[[29, [0, 2, 3, 4, 5, 6, 7, 27, 28, 29], 10, 319, 11, 0]]
m, A, |A|, b, k, ~k
[[30, [0, 2, 3, 4, 5, 6, 7, 28, 29, 30], 10, 330, 11, 0]]
m, A, |A|, b, k, ~k
[[31, [0, 2, 3, 4, 5, 6, 7, 29, 30, 31], 10, 372, 12, 0]]
m, A, |A|, b, k, ~k
[[32, [0, 2, 3, 4, 5, 6, 7, 30, 31, 32], 10, 384, 12, 0]]
m, A, |A|, b, k, ~k
[[33, [0, 2, 3, 4, 5, 6, 7, 31, 32, 33], 10, 429, 13, 0]]
m, A, |A|, b, k, ~k
[[34, [0, 2, 3, 4, 5, 6, 7, 32, 33, 34], 10, 442, 13, 0]]
m, A, |A|, b, k, ~k
[[35, [0, 2, 3, 4, 5, 6, 7, 33, 34, 35], 10, 490, 14, 0]]
m, A, |A|, b, k, ~k
[[36, [0, 2, 3, 4, 5, 6, 7, 34, 35, 36], 10, 504, 14, 0]]
m, A, |A|, b, k, ~k
[[37, [0, 2, 3, 4, 5, 6, 7, 35, 36, 37], 10, 517, 14, -1]]
m, A, |A|, b, k, ~k
[[38, [0, 2, 3, 4, 5, 6, 7, 36, 37, 38], 10, 570, 15, 0]]
m, A, |A|, b, k, ~k
[[39, [0, 2, 3, 4, 5, 6, 7, 37, 38, 39], 10, 624, 16, 0]]
m, A, |A|, b, k, ~k
[[40, [0, 2, 3, 4, 5, 6, 7, 38, 39, 40], 10, 640, 16, 0]]
m, A, |A|, b, k, ~k
[[41, [0, 2, 3, 4, 5, 6, 7, 39, 40, 41], 10, 697, 17, 0]]
m, A, |A|, b, k, ~k
[[42, [0, 2, 3, 4, 5, 6, 7, 40, 41, 42], 10, 714, 17, 0]]
m, A, |A|, b, k, ~k
[[43, [0, 2, 3, 4, 5, 6, 7, 41, 42, 43], 10, 774, 18, 0]]
m, A, |A|, b, k, ~k
[[44, [0, 2, 3, 4, 5, 6, 7, 42, 43, 44], 10, 792, 18, 0]]
m, A, |A|, b, k, ~k
[[45, [0, 2, 3, 4, 5, 6, 7, 43, 44, 45], 10, 855, 19, 0]]
m, A, |A|, b, k, ~k
[[46, [0, 2, 3, 4, 5, 6, 7, 44, 45, 46], 10, 826, 18, -2]]
m, A, |A|, b, k, ~k
[[47, [0, 2, 3, 4, 5, 6, 7, 45, 46, 47], 10, 940, 20, 0]]
m, A, |A|, b, k, ~k
[[48, [0, 2, 3, 4, 5, 6, 7, 46, 47, 48], 10, 960, 20, 0]]
m, A, |A|, b, k, ~k
[[49, [0, 2, 3, 4, 5, 6, 7, 47, 48, 49], 10, 1029, 21, 0]]
m, A, |A|, b, k, ~k
[[50, [0, 2, 3, 4, 5, 6, 7, 48, 49, 50], 10, 1050, 21, 0]]
m, A, |A|, b, k, ~k
[[51, [0, 2, 3, 4, 5, 6, 7, 49, 50, 51], 10, 1122, 22, 0]]
