m, A, |A|, b, k, ~k
[[8, [0, 2, 3, 4, 5, 6, 7, 8, 4, 5, 6], 11, 16, 2, 0]]
m, A, |A|, b, k, ~k
[[8, [0, 2, 3, 4, 5, 6, 7, 8, 5, 6, 7], 11, 16, 2, 0]]
m, A, |A|, b, k, ~k
[[8, [0, 2, 3, 4, 5, 6, 7, 8, 6, 7, 8], 11, 16, 2, 0]]
m, A, |A|, b, k, ~k
[[9, [0, 2, 3, 4, 5, 6, 7, 8, 7, 8, 9], 11, 18, 2, 0]]
m, A, |A|, b, k, ~k
[[10, [0, 2, 3, 4, 5, 6, 7, 8, 8, 9, 10], 11, 20, 2, 0]]
m, A, |A|, b, k, ~k
[[11, [0, 2, 3, 4, 5, 6, 7, 8, 9, 10, 11], 11, 11, 1, 0]]
m, A, |A|, b, k, ~k
[[12, [0, 2, 3, 4, 5, 6, 7, 8, 10, 11, 12], 11, 24, 2, 0]]
m, A, |A|, b, k, ~k
[[13, [0, 2, 3, 4, 5, 6, 7, 8, 11, 12, 13], 11, 26, 2, 0]]
m, A, |A|, b, k, ~k
[[14, [0, 2, 3, 4, 5, 6, 7, 8, 12, 13, 14], 11, 42, 3, 0]]
m, A, |A|, b, k, ~k
[[15, [0, 2, 3, 4, 5, 6, 7, 8, 13, 14, 15], 11, 45, 3, 0]]
m, A, |A|, b, k, ~k
[[16, [0, 2, 3, 4, 5, 6, 7, 8, 14, 15, 16], 11, 64, 4, 0]]
m, A, |A|, b, k, ~k
[[17, [0, 2, 3, 4, 5, 6, 7, 8, 15, 16, 17], 11, 68, 4, 0]]
m, A, |A|, b, k, ~k
[[18, [0, 2, 3, 4, 5, 6, 7, 8, 16, 17, 18], 11, 90, 5, 0]]
m, A, |A|, b, k, ~k
[[19, [0, 2, 3, 4, 5, 6, 7, 8, 17, 18, 19], 11, 95, 5, 0]]
m, A, |A|, b, k, ~k
[[20, [0, 2, 3, 4, 5, 6, 7, 8, 18, 19, 20], 11, 120, 6, 0]]
m, A, |A|, b, k, ~k
[[21, [0, 2, 3, 4, 5, 6, 7, 8, 19, 20, 21], 11, 103, 5, -2]]
m, A, |A|, b, k, ~k
[[22, [0, 2, 3, 4, 5, 6, 7, 8, 20, 21, 22], 11, 154, 7, 0]]
m, A, |A|, b, k, ~k
[[23, [0, 2, 3, 4, 5, 6, 7, 8, 21, 22, 23], 11, 161, 7, 0]]
m, A, |A|, b, k, ~k
[[24, [0, 2, 3, 4, 5, 6, 7, 8, 22, 23, 24], 11, 192, 8, 0]]
m, A, |A|, b, k, ~k
[[25, [0, 2, 3, 4, 5, 6, 7, 8, 23, 24, 25], 11, 200, 8, 0]]
m, A, |A|, b, k, ~k
[[26, [0, 2, 3, 4, 5, 6, 7, 8, 24, 25, 26], 11, 234, 9, 0]]
m, A, |A|, b, k, ~k
[[27, [0, 2, 3, 4, 5, 6, 7, 8, 25, 26, 27], 11, 243, 9, 0]]
m, A, |A|, b, k, ~k
[[28, [0, 2, 3, 4, 5, 6, 7, 8, 26, 27, 28], 11, 280, 10, 0]]
m, A, |A|, b, k, ~k
[[29, [0, 2, 3, 4, 5, 6, 7, 8, 27, 28, 29], 11, 290, 10, 0]]
m, A, |A|, b, k, ~k
[[30, [0, 2, 3, 4, 5, 6, 7, 8, 28, 29, 30], 11, 330, 11, 0]]
m, A, |A|, b, k, ~k
[[31, [0, 2, 3, 4, 5, 6, 7, 8, 29, 30, 31], 11, 308, 10, -2]]
m, A, |A|, b, k, ~k
[[32, [0, 2, 3, 4, 5, 6, 7, 8, 30, 31, 32], 11, 384, 12, 0]]
m, A, |A|, b, k, ~k
[[33, [0, 2, 3, 4, 5, 6, 7, 8, 31, 32, 33], 11, 396, 12, 0]]
m, A, |A|, b, k, ~k
[[34, [0, 2, 3, 4, 5, 6, 7, 8, 32, 33, 34], 11, 442, 13, 0]]
m, A, |A|, b, k, ~k
[[35, [0, 2, 3, 4, 5, 6, 7, 8, 33, 34, 35], 11, 455, 13, 0]]
m, A, |A|, b, k, ~k
[[36, [0, 2, 3, 4, 5, 6, 7, 8, 34, 35, 36], 11, 504, 14, 0]]
m, A, |A|, b, k, ~k
[[37, [0, 2, 3, 4, 5, 6, 7, 8, 35, 36, 37], 11, 518, 14, 0]]
m, A, |A|, b, k, ~k
[[38, [0, 2, 3, 4, 5, 6, 7, 8, 36, 37, 38], 11, 570, 15, 0]]
m, A, |A|, b, k, ~k
[[39, [0, 2, 3, 4, 5, 6, 7, 8, 37, 38, 39], 11, 585, 15, 0]]
m, A, |A|, b, k, ~k
[[40, [0, 2, 3, 4, 5, 6, 7, 8, 38, 39, 40], 11, 640, 16, 0]]
m, A, |A|, b, k, ~k
[[41, [0, 2, 3, 4, 5, 6, 7, 8, 39, 40, 41], 11, 613, 15, -2]]
m, A, |A|, b, k, ~k
[[42, [0, 2, 3, 4, 5, 6, 7, 8, 40, 41, 42], 11, 714, 17, 0]]
m, A, |A|, b, k, ~k
[[43, [0, 2, 3, 4, 5, 6, 7, 8, 41, 42, 43], 11, 731, 17, 0]]
m, A, |A|, b, k, ~k
[[44, [0, 2, 3, 4, 5, 6, 7, 8, 42, 43, 44], 11, 792, 18, 0]]
m, A, |A|, b, k, ~k
[[45, [0, 2, 3, 4, 5, 6, 7, 8, 43, 44, 45], 11, 810, 18, 0]]
m, A, |A|, b, k, ~k
[[46, [0, 2, 3, 4, 5, 6, 7, 8, 44, 45, 46], 11, 874, 19, 0]]
m, A, |A|, b, k, ~k
[[47, [0, 2, 3, 4, 5, 6, 7, 8, 45, 46, 47], 11, 893, 19, 0]]
m, A, |A|, b, k, ~k
[[48, [0, 2, 3, 4, 5, 6, 7, 8, 46, 47, 48], 11, 960, 20, 0]]
m, A, |A|, b, k, ~k
[[49, [0, 2, 3, 4, 5, 6, 7, 8, 47, 48, 49], 11, 980, 20, 0]]
m, A, |A|, b, k, ~k
[[50, [0, 2, 3, 4, 5, 6, 7, 8, 48, 49, 50], 11, 1050, 21, 0]]
m, A, |A|, b, k, ~k
[[51, [0, 2, 3, 4, 5, 6, 7, 8, 49, 50, 51], 11, 1018, 20, -2]]
