m, A, |A|, b, k, ~k
[[9, [0, 2, 3, 4, 5, 6, 7, 8, 9, 4, 5, 6], 12, 18, 2, 0]]
m, A, |A|, b, k, ~k
[[9, [0, 2, 3, 4, 5, 6, 7, 8, 9, 5, 6, 7], 12, 18, 2, 0]]
m, A, |A|, b, k, ~k
[[9, [0, 2, 3, 4, 5, 6, 7, 8, 9, 6, 7, 8], 12, 18, 2, 0]]
m, A, |A|, b, k, ~k
[[9, [0, 2, 3, 4, 5, 6, 7, 8, 9, 7, 8, 9], 12, 18, 2, 0]]
m, A, |A|, b, k, ~k
[[10, [0, 2, 3, 4, 5, 6, 7, 8, 9, 8, 9, 10], 12, 20, 2, 0]]
m, A, |A|, b, k, ~k
[[11, [0, 2, 3, 4, 5, 6, 7, 8, 9, 9, 10, 11], 12, 22, 2, 0]]
m, A, |A|, b, k, ~k
[[12, [0, 2, 3, 4, 5, 6, 7, 8, 9, 10, 11, 12], 12, 12, 1, 0]]
m, A, |A|, b, k, ~k
[[13, [0, 2, 3, 4, 5, 6, 7, 8, 9, 11, 12, 13], 12, 26, 2, 0]]
m, A, |A|, b, k, ~k
[[14, [0, 2, 3, 4, 5, 6, 7, 8, 9, 12, 13, 14], 12, 28, 2, 0]]
m, A, |A|, b, k, ~k
[[15, [0, 2, 3, 4, 5, 6, 7, 8, 9, 13, 14, 15], 12, 45, 3, 0]]
m, A, |A|, b, k, ~k
[[16, [0, 2, 3, 4, 5, 6, 7, 8, 9, 14, 15, 16], 12, 48, 3, 0]]
m, A, |A|, b, k, ~k
[[17, [0, 2, 3, 4, 5, 6, 7, 8, 9, 15, 16, 17], 12, 68, 4, 0]]
m, A, |A|, b, k, ~k
[[18, [0, 2, 3, 4, 5, 6, 7, 8, 9, 16, 17, 18], 12, 72, 4, 0]]
m, A, |A|, b, k, ~k
[[19, [0, 2, 3, 4, 5, 6, 7, 8, 9, 17, 18, 19], 12, 95, 5, 0]]
m, A, |A|, b, k, ~k
[[20, [0, 2, 3, 4, 5, 6, 7, 8, 9, 18, 19, 20], 12, 100, 5, 0]]
m, A, |A|, b, k, ~k
[[21, [0, 2, 3, 4, 5, 6, 7, 8, 9, 19, 20, 21], 12, 126, 6, 0]]
m, A, |A|, b, k, ~k
[[22, [0, 2, 3, 4, 5, 6, 7, 8, 9, 20, 21, 22], 12, 132, 6, 0]]
m, A, |A|, b, k, ~k
[[23, [0, 2, 3, 4, 5, 6, 7, 8, 9, 21, 22, 23], 12, 137, 6, -1]]
m, A, |A|, b, k, ~k
[[24, [0, 2, 3, 4, 5, 6, 7, 8, 9, 22, 23, 24], 12, 168, 7, 0]]
m, A, |A|, b, k, ~k
[[25, [0, 2, 3, 4, 5, 6, 7, 8, 9, 23, 24, 25], 12, 200, 8, 0]]
m, A, |A|, b, k, ~k
[[26, [0, 2, 3, 4, 5, 6, 7, 8, 9, 24, 25, 26], 12, 208, 8, 0]]
m, A, |A|, b, k, ~k
[[27, [0, 2, 3, 4, 5, 6, 7, 8, 9, 25, 26, 27], 12, 243, 9, 0]]
m, A, |A|, b, k, ~k
[[28, [0, 2, 3, 4, 5, 6, 7, 8, 9, 26, 27, 28], 12, 252, 9, 0]]
m, A, |A|, b, k, ~k
[[29, [0, 2, 3, 4, 5, 6, 7, 8, 9, 27, 28, 29], 12, 290, 10, 0]]
m, A, |A|, b, k, ~k
[[30, [0, 2, 3, 4, 5, 6, 7, 8, 9, 28, 29, 30], 12, 300, 10, 0]]
m, A, |A|, b, k, ~k
[[31, [0, 2, 3, 4, 5, 6, 7, 8, 9, 29, 30, 31], 12, 341, 11, 0]]
m, A, |A|, b, k, ~k
[[32, [0, 2, 3, 4, 5, 6, 7, 8, 9, 30, 31, 32], 12, 352, 11, 0]]
m, A, |A|, b, k, ~k
[[33, [0, 2, 3, 4, 5, 6, 7, 8, 9, 31, 32, 33], 12, 396, 12, 0]]
m, A, |A|, b, k, ~k
[[34, [0, 2, 3, 4, 5, 6, 7, 8, 9, 32, 33, 34], 12, 372, 11, -2]]
m, A, |A|, b, k, ~k
[[35, [0, 2, 3, 4, 5, 6, 7, 8, 9, 33, 34, 35], 12, 455, 13, 0]]
m, A, |A|, b, k, ~k
[[36, [0, 2, 3, 4, 5, 6, 7, 8, 9, 34, 35, 36], 12, 468, 13, 0]]
m, A, |A|, b, k, ~k
[[37, [0, 2, 3, 4, 5, 6, 7, 8, 9, 35, 36, 37], 12, 518, 14, 0]]
m, A, |A|, b, k, ~k
[[38, [0, 2, 3, 4, 5, 6, 7, 8, 9, 36, 37, 38], 12, 532, 14, 0]]
m, A, |A|, b, k, ~k
[[39, [0, 2, 3, 4, 5, 6, 7, 8, 9, 37, 38, 39], 12, 585, 15, 0]]
m, A, |A|, b, k, ~k
[[40, [0, 2, 3, 4, 5, 6, 7, 8, 9, 38, 39, 40], 12, 600, 15, 0]]
m, A, |A|, b, k, ~k
[[41, [0, 2, 3, 4, 5, 6, 7, 8, 9, 39, 40, 41], 12, 656, 16, 0]]
m, A, |A|, b, k, ~k
[[42, [0, 2, 3, 4, 5, 6, 7, 8, 9, 40, 41, 42], 12, 672, 16, 0]]
m, A, |A|, b, k, ~k
[[43, [0, 2, 3, 4, 5, 6, 7, 8, 9, 41, 42, 43], 12, 731, 17, 0]]
m, A, |A|, b, k, ~k
[[44, [0, 2, 3, 4, 5, 6, 7, 8, 9, 42, 43, 44], 12, 748, 17, 0]]
m, A, |A|, b, k, ~k
[[45, [0, 2, 3, 4, 5, 6, 7, 8, 9, 43, 44, 45], 12, 764, 17, -1]]
m, A, |A|, b, k, ~k
[[46, [0, 2, 3, 4, 5, 6, 7, 8, 9, 44, 45, 46], 12, 828, 18, 0]]
m, A, |A|, b, k, ~k
[[47, [0, 2, 3, 4, 5, 6, 7, 8, 9, 45, 46, 47], 12, 893, 19, 0]]
m, A, |A|, b, k, ~k
[[48, [0, 2, 3, 4, 5, 6, 7, 8, 9, 46, 47, 48], 12, 912, 19, 0]]
m, A, |A|, b, k, ~k
[[49, [0, 2, 3, 4, 5, 6, 7, 8, 9, 47, 48, 49], 12, 980, 20, 0]]
m, A, |A|, b, k, ~k
[[50, [0, 2, 3, 4, 5, 6, 7, 8, 9, 48, 49, 50], 12, 1000, 20, 0]]
m, A, |A|, b, k, ~k
[[51, [0, 2, 3, 4, 5, 6, 7, 8, 9, 49, 50, 51], 12, 1071, 21, 0]]
